# Binning scheme file
# X_pix  Y_pix  binid
 -7.0000  -2.5000      72
 -7.0000  -2.0000      72
 -7.0000  -1.5000      72
 -7.0000  -1.0000      72
 -7.0000   0.0000      78
 -7.0000   0.5000      98
 -7.0000   1.0000      98
 -7.0000   1.5000      98
 -7.0000   3.0000     210
 -7.0000   3.5000     210
 -6.5000  -3.5000      77
 -6.5000  -3.0000      77
 -6.5000  -2.5000      77
 -6.5000  -2.0000      72
 -6.5000  -1.5000      72
 -6.5000  -1.0000      72
 -6.5000  -0.5000      78
 -6.5000   0.0000      78
 -6.5000   0.5000      98
 -6.5000   1.0000      98
 -6.5000   1.5000      98
 -6.5000   2.0000     210
 -6.5000   2.5000     210
 -6.5000   3.0000     210
 -6.5000   3.5000     210
 -6.5000   4.0000     214
 -6.0000  -4.0000      77
 -6.0000  -3.5000      77
 -6.0000  -3.0000      77
 -6.0000  -2.5000      77
 -6.0000  -2.0000      72
 -6.0000  -1.5000      72
 -6.0000  -1.0000      72
 -6.0000  -0.5000      78
 -6.0000   0.0000      78
 -6.0000   0.5000      98
 -6.0000   1.0000      98
 -6.0000   1.5000      98
 -6.0000   2.0000     210
 -6.0000   2.5000     210
 -6.0000   3.0000     210
 -6.0000   3.5000     214
 -6.0000   4.0000     214
 -6.0000   4.5000     214
 -5.5000  -4.5000      69
 -5.5000  -4.0000      77
 -5.5000  -3.5000      77
 -5.5000  -3.0000      77
 -5.5000  -2.5000      70
 -5.5000  -2.0000      70
 -5.5000  -1.5000      72
 -5.5000  -1.0000      68
 -5.5000  -0.5000      78
 -5.5000   0.0000      78
 -5.5000   0.5000      79
 -5.5000   1.0000     102
 -5.5000   1.5000     102
 -5.5000   2.0000     122
 -5.5000   2.5000     122
 -5.5000   3.0000     214
 -5.5000   3.5000     214
 -5.5000   4.0000     214
 -5.5000   4.5000     214
 -5.0000  -4.5000      69
 -5.0000  -4.0000      69
 -5.0000  -3.5000      77
 -5.0000  -3.0000      70
 -5.0000  -2.5000      70
 -5.0000  -2.0000      70
 -5.0000  -1.5000      68
 -5.0000  -1.0000      68
 -5.0000  -0.5000      71
 -5.0000   0.0000      75
 -5.0000   0.5000      79
 -5.0000   1.0000     102
 -5.0000   1.5000     102
 -5.0000   2.0000     122
 -5.0000   2.5000     122
 -5.0000   3.0000     122
 -5.0000   3.5000     214
 -5.0000   4.0000     214
 -5.0000   4.5000     214
 -4.5000  -5.0000      69
 -4.5000  -4.5000      69
 -4.5000  -4.0000      69
 -4.5000  -3.5000      58
 -4.5000  -3.0000      58
 -4.5000  -2.5000      56
 -4.5000  -2.0000      56
 -4.5000  -1.5000      54
 -4.5000  -1.0000      68
 -4.5000  -0.5000      71
 -4.5000   0.0000      75
 -4.5000   0.5000      79
 -4.5000   1.0000      82
 -4.5000   1.5000     102
 -4.5000   2.0000     122
 -4.5000   2.5000     122
 -4.5000   3.0000     183
 -4.5000   3.5000     183
 -4.5000   4.0000     213
 -4.5000   4.5000     253
 -4.5000   5.0000     253
 -4.0000  -5.5000      69
 -4.0000  -5.0000      69
 -4.0000  -4.5000      69
 -4.0000  -4.0000      58
 -4.0000  -3.5000      58
 -4.0000  -3.0000      58
 -4.0000  -2.5000      56
 -4.0000  -2.0000      56
 -4.0000  -1.5000      54
 -4.0000  -1.0000      55
 -4.0000  -0.5000      57
 -4.0000   0.0000      73
 -4.0000   0.5000      76
 -4.0000   1.0000      82
 -4.0000   1.5000     103
 -4.0000   2.0000     111
 -4.0000   2.5000     130
 -4.0000   3.0000     183
 -4.0000   3.5000     183
 -4.0000   4.0000     213
 -4.0000   4.5000     253
 -4.0000   5.0000     253
 -4.0000   5.5000     253
 -3.5000  -6.0000      61
 -3.5000  -5.5000      61
 -3.5000  -5.0000      61
 -3.5000  -4.5000      61
 -3.5000  -4.0000      61
 -3.5000  -3.5000      58
 -3.5000  -3.0000      41
 -3.5000  -2.5000      41
 -3.5000  -2.0000      44
 -3.5000  -1.5000      43
 -3.5000  -1.0000      45
 -3.5000  -0.5000      47
 -3.5000   0.0000      52
 -3.5000   0.5000      74
 -3.5000   1.0000      80
 -3.5000   1.5000     100
 -3.5000   2.0000     111
 -3.5000   2.5000     130
 -3.5000   3.0000     183
 -3.5000   3.5000     213
 -3.5000   4.0000     213
 -3.5000   4.5000     253
 -3.5000   5.0000     253
 -3.5000   5.5000     253
 -3.5000   6.0000     253
 -3.0000  -6.0000      61
 -3.0000  -5.5000      61
 -3.0000  -5.0000      61
 -3.0000  -4.5000      61
 -3.0000  -4.0000      61
 -3.0000  -3.5000      42
 -3.0000  -3.0000      42
 -3.0000  -2.5000      41
 -3.0000  -2.0000      37
 -3.0000  -1.5000      32
 -3.0000  -1.0000      33
 -3.0000  -0.5000      38
 -3.0000   0.0000      46
 -3.0000   0.5000      53
 -3.0000   1.0000      81
 -3.0000   1.5000      99
 -3.0000   2.0000     110
 -3.0000   2.5000     128
 -3.0000   3.0000     175
 -3.0000   3.5000     200
 -3.0000   4.0000     200
 -3.0000   4.5000     218
 -3.0000   5.0000     218
 -3.0000   5.5000     218
 -3.0000   6.0000     218
 -2.5000  -6.0000      85
 -2.5000  -5.5000      64
 -2.5000  -5.0000      64
 -2.5000  -4.5000      64
 -2.5000  -4.0000      59
 -2.5000  -3.5000      59
 -2.5000  -3.0000      42
 -2.5000  -2.5000      34
 -2.5000  -2.0000      29
 -2.5000  -1.5000      26
 -2.5000  -1.0000      27
 -2.5000  -0.5000      30
 -2.5000   0.0000      35
 -2.5000   0.5000      50
 -2.5000   1.0000      83
 -2.5000   1.5000     101
 -2.5000   2.0000     112
 -2.5000   2.5000     129
 -2.5000   3.0000     175
 -2.5000   3.5000     200
 -2.5000   4.0000     200
 -2.5000   4.5000     218
 -2.5000   5.0000     218
 -2.5000   5.5000     218
 -2.5000   6.0000     218
 -2.0000  -6.5000      85
 -2.0000  -6.0000      85
 -2.0000  -5.5000      85
 -2.0000  -5.0000      64
 -2.0000  -4.5000      64
 -2.0000  -4.0000      59
 -2.0000  -3.5000      59
 -2.0000  -3.0000      39
 -2.0000  -2.5000      28
 -2.0000  -2.0000      20
 -2.0000  -1.5000      16
 -2.0000  -1.0000      17
 -2.0000  -0.5000      22
 -2.0000   0.0000      31
 -2.0000   0.5000      48
 -2.0000   1.0000      84
 -2.0000   1.5000     105
 -2.0000   2.0000     114
 -2.0000   2.5000     131
 -2.0000   3.0000     173
 -2.0000   3.5000     196
 -2.0000   4.0000     216
 -2.0000   4.5000     216
 -2.0000   5.0000     218
 -2.0000   5.5000     233
 -2.0000   6.0000     233
 -2.0000   6.5000     233
 -1.5000  -7.0000      85
 -1.5000  -6.5000      85
 -1.5000  -6.0000      85
 -1.5000  -5.5000      85
 -1.5000  -5.0000      64
 -1.5000  -4.5000      64
 -1.5000  -4.0000      60
 -1.5000  -3.5000      60
 -1.5000  -3.0000      36
 -1.5000  -2.5000      21
 -1.5000  -2.0000      14
 -1.5000  -1.5000      11
 -1.5000  -1.0000       9
 -1.5000  -0.5000      13
 -1.5000   0.0000      24
 -1.5000   0.5000      49
 -1.5000   1.0000      93
 -1.5000   1.5000     106
 -1.5000   2.0000     121
 -1.5000   2.5000     136
 -1.5000   3.0000     176
 -1.5000   3.5000     196
 -1.5000   4.0000     216
 -1.5000   4.5000     216
 -1.5000   5.0000     233
 -1.5000   5.5000     233
 -1.5000   6.0000     233
 -1.5000   6.5000     233
 -1.5000   7.0000     233
 -1.0000  -7.0000      85
 -1.0000  -6.5000      85
 -1.0000  -6.0000      85
 -1.0000  -5.5000      85
 -1.0000  -5.0000      86
 -1.0000  -4.5000      86
 -1.0000  -4.0000      62
 -1.0000  -3.5000      62
 -1.0000  -3.0000      40
 -1.0000  -2.5000      18
 -1.0000  -2.0000      12
 -1.0000  -1.5000       7
 -1.0000  -1.0000       4
 -1.0000  -0.5000       5
 -1.0000   0.0000      23
 -1.0000   0.5000      51
 -1.0000   1.0000     104
 -1.0000   1.5000     113
 -1.0000   2.0000     127
 -1.0000   2.5000     158
 -1.0000   3.0000     180
 -1.0000   3.5000     199
 -1.0000   4.0000     199
 -1.0000   4.5000     221
 -1.0000   5.0000     221
 -1.0000   5.5000     233
 -1.0000   6.0000     233
 -1.0000   6.5000     233
 -1.0000   7.0000     233
 -0.5000  -7.0000      85
 -0.5000  -6.5000      85
 -0.5000  -6.0000      85
 -0.5000  -5.5000      86
 -0.5000  -5.0000      86
 -0.5000  -4.5000      86
 -0.5000  -4.0000      66
 -0.5000  -3.5000      66
 -0.5000  -3.0000      63
 -0.5000  -2.5000      19
 -0.5000  -2.0000      10
 -0.5000  -1.5000       6
 -0.5000  -1.0000       2
 -0.5000  -0.5000       1
 -0.5000   0.0000      25
 -0.5000   0.5000      96
 -0.5000   1.0000     108
 -0.5000   1.5000     123
 -0.5000   2.0000     135
 -0.5000   2.5000     161
 -0.5000   3.0000     182
 -0.5000   3.5000     203
 -0.5000   4.0000     221
 -0.5000   4.5000     221
 -0.5000   5.0000     221
 -0.5000   5.5000     252
 -0.5000   6.0000     252
 -0.5000   6.5000     252
 -0.5000   7.0000     252
  0.0000  -7.0000     143
  0.0000  -6.5000     143
  0.0000  -6.0000     143
  0.0000  -5.5000     143
  0.0000  -5.0000      86
  0.0000  -4.5000      88
  0.0000  -4.0000      88
  0.0000  -3.5000      87
  0.0000  -3.0000      67
  0.0000  -2.5000      65
  0.0000  -2.0000      15
  0.0000  -1.5000       8
  0.0000  -1.0000       3
  0.0000  -0.5000       0
  0.0000   0.0000      97
  0.0000   0.5000     109
  0.0000   1.0000     120
  0.0000   1.5000     133
  0.0000   2.0000     156
  0.0000   2.5000     172
  0.0000   3.0000     192
  0.0000   3.5000     211
  0.0000   4.0000     225
  0.0000   4.5000     225
  0.0000   5.0000     225
  0.0000   5.5000     252
  0.0000   6.0000     252
  0.0000   6.5000     252
  0.0000   7.0000     252
  0.5000  -6.5000     143
  0.5000  -6.0000     143
  0.5000  -5.5000     143
  0.5000  -5.0000     143
  0.5000  -4.5000      88
  0.5000  -4.0000      88
  0.5000  -3.5000      94
  0.5000  -3.0000      91
  0.5000  -2.5000      89
  0.5000  -2.0000      90
  0.5000  -1.5000      92
  0.5000  -1.0000      95
  0.5000  -0.5000     107
  0.5000   0.0000     115
  0.5000   0.5000     124
  0.5000   1.0000     134
  0.5000   1.5000     152
  0.5000   2.0000     163
  0.5000   2.5000     181
  0.5000   3.0000     197
  0.5000   3.5000     215
  0.5000   4.0000     229
  0.5000   4.5000     229
  0.5000   5.0000     229
  0.5000   5.5000     255
  0.5000   6.0000     252
  0.5000   6.5000     252
  0.5000   7.0000     252
  1.0000  -6.0000     143
  1.0000  -5.5000     143
  1.0000  -5.0000     144
  1.0000  -4.5000     144
  1.0000  -4.0000     144
  1.0000  -3.5000      94
  1.0000  -3.0000     126
  1.0000  -2.5000     118
  1.0000  -2.0000     116
  1.0000  -1.5000     117
  1.0000  -1.0000     119
  1.0000  -0.5000     125
  1.0000   0.0000     132
  1.0000   0.5000     138
  1.0000   1.0000     151
  1.0000   1.5000     160
  1.0000   2.0000     177
  1.0000   2.5000     193
  1.0000   3.0000     209
  1.0000   3.5000     223
  1.0000   4.0000     234
  1.0000   4.5000     234
  1.0000   5.0000     234
  1.0000   5.5000     255
  1.0000   6.0000     255
  1.0000   6.5000     255
  1.5000  -6.0000     143
  1.5000  -5.5000     143
  1.5000  -5.0000     144
  1.5000  -4.5000     144
  1.5000  -4.0000     144
  1.5000  -3.5000     146
  1.5000  -3.0000     145
  1.5000  -2.5000     141
  1.5000  -2.0000     139
  1.5000  -1.5000     137
  1.5000  -1.0000     140
  1.5000  -0.5000     142
  1.5000   0.0000     147
  1.5000   0.5000     155
  1.5000   1.0000     162
  1.5000   1.5000     174
  1.5000   2.0000     189
  1.5000   2.5000     202
  1.5000   3.0000     219
  1.5000   3.5000     230
  1.5000   4.0000     230
  1.5000   4.5000     234
  1.5000   5.0000     234
  1.5000   5.5000     255
  1.5000   6.0000     255
  1.5000   6.5000     255
  2.0000  -6.0000     166
  2.0000  -5.5000     166
  2.0000  -5.0000     166
  2.0000  -4.5000     166
  2.0000  -4.0000     146
  2.0000  -3.5000     146
  2.0000  -3.0000     154
  2.0000  -2.5000     150
  2.0000  -2.0000     148
  2.0000  -1.5000     149
  2.0000  -1.0000     153
  2.0000  -0.5000     157
  2.0000   0.0000     159
  2.0000   0.5000     170
  2.0000   1.0000     179
  2.0000   1.5000     190
  2.0000   2.0000     201
  2.0000   2.5000     217
  2.0000   3.0000     227
  2.0000   3.5000     227
  2.0000   4.0000     250
  2.0000   4.5000     250
  2.0000   5.0000     260
  2.0000   5.5000     255
  2.5000  -5.5000     166
  2.5000  -5.0000     166
  2.5000  -4.5000     166
  2.5000  -4.0000     169
  2.5000  -3.5000     169
  2.5000  -3.0000     154
  2.5000  -2.5000     167
  2.5000  -2.0000     164
  2.5000  -1.5000     165
  2.5000  -1.0000     168
  2.5000  -0.5000     171
  2.5000   0.0000     178
  2.5000   0.5000     184
  2.5000   1.0000     194
  2.5000   1.5000     204
  2.5000   2.0000     220
  2.5000   2.5000     228
  2.5000   3.0000     240
  2.5000   3.5000     240
  2.5000   4.0000     250
  2.5000   4.5000     250
  2.5000   5.0000     260
  2.5000   5.5000     260
  3.0000  -5.0000     166
  3.0000  -4.5000     166
  3.0000  -4.0000     169
  3.0000  -3.5000     169
  3.0000  -3.0000     188
  3.0000  -2.5000     188
  3.0000  -2.0000     186
  3.0000  -1.5000     185
  3.0000  -1.0000     187
  3.0000  -0.5000     191
  3.0000   0.0000     195
  3.0000   0.5000     198
  3.0000   1.0000     212
  3.0000   1.5000     224
  3.0000   2.0000     232
  3.0000   2.5000     242
  3.0000   3.0000     242
  3.0000   3.5000     254
  3.0000   4.0000     254
  3.0000   4.5000     254
  3.0000   5.0000     260
  3.0000   5.5000     260
  3.5000  -5.0000     166
  3.5000  -4.5000     235
  3.5000  -4.0000     235
  3.5000  -3.5000     235
  3.5000  -3.0000     188
  3.5000  -2.5000     206
  3.5000  -2.0000     206
  3.5000  -1.5000     205
  3.5000  -1.0000     207
  3.5000  -0.5000     208
  3.5000   0.0000     222
  3.5000   0.5000     226
  3.5000   1.0000     231
  3.5000   1.5000     238
  3.5000   2.0000     244
  3.5000   2.5000     249
  3.5000   3.0000     249
  3.5000   3.5000     254
  3.5000   4.0000     254
  3.5000   4.5000     254
  3.5000   5.0000     260
  4.0000  -5.0000     235
  4.0000  -4.5000     235
  4.0000  -4.0000     235
  4.0000  -3.5000     235
  4.0000  -3.0000     241
  4.0000  -2.5000     241
  4.0000  -2.0000     241
  4.0000  -1.5000     236
  4.0000  -1.0000     236
  4.0000  -0.5000     237
  4.0000   0.0000     239
  4.0000   0.5000     243
  4.0000   1.0000     245
  4.0000   1.5000     246
  4.0000   2.0000     246
  4.0000   2.5000     256
  4.0000   3.0000     256
  4.0000   3.5000     261
  4.0000   4.0000     261
  4.0000   4.5000     254
  4.5000  -4.5000     235
  4.5000  -4.0000     235
  4.5000  -3.5000     259
  4.5000  -3.0000     259
  4.5000  -2.5000     241
  4.5000  -2.0000     241
  4.5000  -1.5000     236
  4.5000  -1.0000     236
  4.5000  -0.5000     248
  4.5000   0.0000     248
  4.5000   0.5000     251
  4.5000   1.0000     251
  4.5000   1.5000     257
  4.5000   2.0000     257
  4.5000   2.5000     256
  4.5000   3.0000     256
  4.5000   3.5000     261
  4.5000   4.0000     261
  5.0000  -4.0000     259
  5.0000  -3.5000     259
  5.0000  -3.0000     259
  5.0000  -2.5000     241
  5.0000  -2.0000     247
  5.0000  -1.5000     247
  5.0000  -1.0000     247
  5.0000  -0.5000     248
  5.0000   0.0000     248
  5.0000   0.5000     251
  5.0000   1.0000     251
  5.0000   1.5000     257
  5.0000   2.0000     257
  5.0000   2.5000     262
  5.0000   3.0000     262
  5.0000   3.5000     261
  5.0000   4.0000     261
  5.5000  -3.5000     259
  5.5000  -3.0000     259
  5.5000  -2.5000     259
  5.5000  -2.0000     247
  5.5000  -1.5000     247
  5.5000  -1.0000     247
  5.5000  -0.5000     258
  5.5000   0.0000     258
  5.5000   0.5000     258
  5.5000   1.0000     251
  5.5000   1.5000     257
  5.5000   2.0000     262
  5.5000   2.5000     262
  5.5000   3.0000     262
  5.5000   3.5000     261
  5.5000   4.0000     261
  6.0000  -2.5000     247
  6.0000  -2.0000     247
  6.0000  -0.5000     258
  6.0000   0.0000     258
  6.0000   0.5000     258
  6.0000   1.0000     258
  6.0000   2.0000     262
  6.0000   2.5000     262
  6.0000   3.0000     262
  6.0000   3.5000     262
