1e+08	0	120	210	10	0	1000	2.00	8.000	45067.98	    inf	  16.42	M1e+08_O0_Rh120_Vh210_i10_a0_N1000_R2.00_GH.npz|0
1e+08	0	120	210	10	0	1000	2.00	8.160	42531.09	    inf	  15.95	M1e+08_O0_Rh120_Vh210_i10_a0_N1000_R2.00_GH.npz|1
1e+08	0	120	210	10	0	6000	2.00	8.000	15765.07	    inf	  44.24	M1e+08_O0_Rh120_Vh210_i10_a0_N6000_R2.00_GH.npz|0
1e+08	0	120	210	10	0	6000	2.00	8.160	14441.41	    inf	  42.81	M1e+08_O0_Rh120_Vh210_i10_a0_N6000_R2.00_GH.npz|1
1e+08	0	120	210	10	0	6000	2.00	8.323	13307.48	    inf	  42.21	M1e+08_O0_Rh120_Vh210_i10_a0_N6000_R2.00_GH.npz|2
1e+08	0	120	210	10	0	6000	2.00	8.490	12291.87	    inf	  40.49	M1e+08_O0_Rh120_Vh210_i10_a0_N6000_R2.00_GH.npz|3
1e+08	0	120	210	10	0	6000	2.00	8.659	11422.47	    inf	  38.80	M1e+08_O0_Rh120_Vh210_i10_a0_N6000_R2.00_GH.npz|4
1e+08	0	120	210	10	0	6000	2.00	8.833	10672.63	    inf	  37.63	M1e+08_O0_Rh120_Vh210_i10_a0_N6000_R2.00_GH.npz|5
1e+08	0	120	210	10	0	6000	2.00	9.009	10018.16	    inf	  38.14	M1e+08_O0_Rh120_Vh210_i10_a0_N6000_R2.00_GH.npz|6
1e+08	0	120	210	10	0	6000	2.00	9.189	9481.75	    inf	  37.12	M1e+08_O0_Rh120_Vh210_i10_a0_N6000_R2.00_GH.npz|7
1e+08	0	120	210	10	0	6000	2.00	9.373	9038.11	    inf	  35.87	M1e+08_O0_Rh120_Vh210_i10_a0_N6000_R2.00_GH.npz|8
1e+08	0	120	210	10	0	6000	2.00	9.561	8679.61	    inf	  34.78	M1e+08_O0_Rh120_Vh210_i10_a0_N6000_R2.00_GH.npz|9
1e+08	0	120	210	10	0	6000	2.00	9.752	8382.80	    inf	  34.74	M1e+08_O0_Rh120_Vh210_i10_a0_N6000_R2.00_GH.npz|10
1e+08	0	120	210	10	0	6000	2.00	9.947	8158.42	    inf	  34.38	M1e+08_O0_Rh120_Vh210_i10_a0_N6000_R2.00_GH.npz|11
1e+08	0	120	210	10	0	6000	2.00	10.146	7983.10	    inf	  35.13	M1e+08_O0_Rh120_Vh210_i10_a0_N6000_R2.00_GH.npz|12
1e+08	0	120	210	10	0	6000	2.00	10.349	7870.10	    inf	  33.81	M1e+08_O0_Rh120_Vh210_i10_a0_N6000_R2.00_GH.npz|13
1e+08	0	120	210	10	0	6000	2.00	10.556	7813.99	    inf	  32.61	M1e+08_O0_Rh120_Vh210_i10_a0_N6000_R2.00_GH.npz|14
1e+08	0	120	210	10	0	6000	2.00	10.767	7754.71	    inf	  32.55	M1e+08_O0_Rh120_Vh210_i10_a0_N6000_R2.00_GH.npz|15
1e+08	0	120	210	10	0	6000	2.00	10.982	7698.24	    inf	  32.34	M1e+08_O0_Rh120_Vh210_i10_a0_N6000_R2.00_GH.npz|16
1e+08	0	120	210	10	0	6000	2.00	11.202	7669.99	    inf	  31.35	M1e+08_O0_Rh120_Vh210_i10_a0_N6000_R2.00_GH.npz|17
1e+08	0	120	210	10	0	6000	2.00	11.426	7649.57	    inf	  31.55	M1e+08_O0_Rh120_Vh210_i10_a0_N6000_R2.00_GH.npz|18
1e+08	0	120	210	10	0	6000	2.00	11.654	7627.33	    inf	  33.27	M1e+08_O0_Rh120_Vh210_i10_a0_N6000_R2.00_GH.npz|19
1e+08	0	120	210	10	0	6000	2.00	11.888	7641.83	    inf	  33.35	M1e+08_O0_Rh120_Vh210_i10_a0_N6000_R2.00_GH.npz|20
1e+08	0	120	210	10	0	6000	2.00	12.125	7690.64	    inf	  33.53	M1e+08_O0_Rh120_Vh210_i10_a0_N6000_R2.00_GH.npz|21
1e+08	0	120	210	10	0	6000	2.00	12.368	7737.18	    inf	  36.01	M1e+08_O0_Rh120_Vh210_i10_a0_N6000_R2.00_GH.npz|22
1e+08	0	120	210	10	0	6000	2.00	12.615	7829.76	    inf	  35.99	M1e+08_O0_Rh120_Vh210_i10_a0_N6000_R2.00_GH.npz|23
1e+08	0	120	210	10	0	6000	2.00	12.867	7932.62	    inf	  37.51	M1e+08_O0_Rh120_Vh210_i10_a0_N6000_R2.00_GH.npz|24
1e+08	0	120	210	10	0	6000	2.00	13.125	8096.30	    inf	  37.63	M1e+08_O0_Rh120_Vh210_i10_a0_N6000_R2.00_GH.npz|25
1e+08	0	120	210	10	0	6000	2.00	13.387	8274.74	    inf	  38.20	M1e+08_O0_Rh120_Vh210_i10_a0_N6000_R2.00_GH.npz|26
1e+08	0	120	210	10	0	6000	2.00	13.655	8537.27	    inf	  38.34	M1e+08_O0_Rh120_Vh210_i10_a0_N6000_R2.00_GH.npz|27
1e+08	0	120	210	10	0	6000	2.00	13.928	8806.98	    inf	  39.00	M1e+08_O0_Rh120_Vh210_i10_a0_N6000_R2.00_GH.npz|28
1e+08	0	120	210	10	0	6000	2.00	14.207	9161.94	    inf	  38.69	M1e+08_O0_Rh120_Vh210_i10_a0_N6000_R2.00_GH.npz|29
1e+08	0	120	210	10	0	6000	2.00	14.491	9535.05	    inf	  39.45	M1e+08_O0_Rh120_Vh210_i10_a0_N6000_R2.00_GH.npz|30
1e+08	0	120	210	10	0	6000	2.00	14.781	9963.44	    inf	  39.54	M1e+08_O0_Rh120_Vh210_i10_a0_N6000_R2.00_GH.npz|31
1e+08	0	120	210	10	0	6000	2.00	15.076	10446.78	    inf	  40.51	M1e+08_O0_Rh120_Vh210_i10_a0_N6000_R2.00_GH.npz|32
1e+08	0	120	210	10	0	6000	2.00	15.378	10945.89	    inf	  40.83	M1e+08_O0_Rh120_Vh210_i10_a0_N6000_R2.00_GH.npz|33
1e+08	0	120	210	10	0	6000	2.00	15.685	11526.31	    inf	  40.35	M1e+08_O0_Rh120_Vh210_i10_a0_N6000_R2.00_GH.npz|34
1e+08	0	120	210	10	0	6000	2.00	15.999	12118.69	    inf	  40.34	M1e+08_O0_Rh120_Vh210_i10_a0_N6000_R2.00_GH.npz|35
1e+08	0	120	210	10	0	6000	2.00	16.319	12789.77	    inf	  40.30	M1e+08_O0_Rh120_Vh210_i10_a0_N6000_R2.00_GH.npz|36
1e+08	0	120	210	10	0	6000	2.00	16.645	13486.22	    inf	  41.75	M1e+08_O0_Rh120_Vh210_i10_a0_N6000_R2.00_GH.npz|37
1e+08	0	120	210	10	0	6000	2.00	16.978	14310.64	    inf	  42.18	M1e+08_O0_Rh120_Vh210_i10_a0_N6000_R2.00_GH.npz|38
1e+08	0	120	210	10	0	6000	2.00	17.318	15129.44	    inf	  42.17	M1e+08_O0_Rh120_Vh210_i10_a0_N6000_R2.00_GH.npz|39
1e+08	0	120	210	10	0	6000	2.00	17.664	15979.71	    inf	  43.99	M1e+08_O0_Rh120_Vh210_i10_a0_N6000_R2.00_GH.npz|40
1e+08	0	120	210	10	0	6000	2.00	18.018	16921.50	    inf	  44.58	M1e+08_O0_Rh120_Vh210_i10_a0_N6000_R2.00_GH.npz|41
1e+08	0	120	210	10	0	6000	2.00	18.378	17893.29	    inf	  45.34	M1e+08_O0_Rh120_Vh210_i10_a0_N6000_R2.00_GH.npz|42
1e+08	0	120	210	10	0	6000	2.00	18.746	18961.28	    inf	  46.35	M1e+08_O0_Rh120_Vh210_i10_a0_N6000_R2.00_GH.npz|43
1e+08	0	120	210	10	0	6000	2.00	19.120	20078.04	    inf	  45.97	M1e+08_O0_Rh120_Vh210_i10_a0_N6000_R2.00_GH.npz|44
1e+08	0	120	210	10	0	6000	2.00	19.503	21230.43	    inf	  46.11	M1e+08_O0_Rh120_Vh210_i10_a0_N6000_R2.00_GH.npz|45
1e+08	0	120	210	10	0	6000	2.00	19.893	22503.47	    inf	  46.94	M1e+08_O0_Rh120_Vh210_i10_a0_N6000_R2.00_GH.npz|46
1e+08	0	120	210	10	0	6000	2.00	20.291	23785.90	    inf	  48.52	M1e+08_O0_Rh120_Vh210_i10_a0_N6000_R2.00_GH.npz|47
1e+08	0	120	210	10	0	6000	2.00	20.697	25121.95	    inf	  49.39	M1e+08_O0_Rh120_Vh210_i10_a0_N6000_R2.00_GH.npz|48
1e+08	0	120	210	10	0	6000	2.00	21.110	26487.07	    inf	  49.49	M1e+08_O0_Rh120_Vh210_i10_a0_N6000_R2.00_GH.npz|49
