# v        v_err    sigma    sigma_err
   6.458    1.145  138.832    1.565
   4.432    1.248  136.765    1.730
   0.639    1.450  136.622    1.993
   2.792    1.208  139.222    1.650
   6.203    1.366  139.449    1.855
   9.400    1.334  138.651    1.835
  -2.083    1.674  139.576    2.247
  -3.276    1.645  139.929    2.219
   0.841    2.304  139.132    3.100
  -1.898    1.888  138.320    2.580
  -6.097    2.475  141.590    3.301
  -7.680    1.836  137.318    2.496
  -9.602    2.376  140.724    3.196
  -2.733    3.694  139.588    4.981
 -15.336    2.671  144.817    3.535
   2.291    1.613  138.281    2.212
 -14.906    2.581  140.684    3.465
  -7.268    2.170  138.558    2.936
 -16.174    4.902  151.276    6.369
  -9.657    3.796  146.717    5.000
 -22.497    3.732  146.107    4.925
 -23.512    5.772  153.550    7.454
  -4.583    4.275  142.477    5.578
   5.162    2.737  136.335    3.623
   2.051    3.945  137.441    5.366
   8.691    1.716  134.334    2.321
 -12.041    5.868  154.457    7.318
 -19.086    6.567  161.031    7.992
  -0.377    5.483  138.400    7.238
  -6.705    8.015  149.686   10.492
 -28.670    5.424  154.800    6.929
 -24.481    6.335  161.268    7.671
 -29.850    6.853  146.203    8.494
 -20.032    5.041  142.989    6.719
 -29.678    7.378  161.053    8.933
  -1.803    2.048  136.823    2.805
 -32.206    6.326  154.293    7.739
 -12.614    3.587  138.248    4.858
 -16.433   11.377  165.712   13.540
 -23.109   10.040  167.810   11.877
  -9.749   11.121  159.895   13.536
 -35.359    9.001  160.180   10.994
 -28.449    9.478  167.956   11.255
  -3.127   10.652  140.794   13.964
  -3.774   13.903  154.000   17.822
 -32.486    7.660  147.073    9.723
  -9.156   21.314  172.656   24.848
 -36.964    7.298  151.346    9.110
 -16.993   16.711  173.874   19.507
 -36.102   11.121  167.252   13.245
 -24.521    7.860  142.984    9.925
  -2.414   18.115  164.745   21.624
 -40.753    8.568  157.281   10.657
 -24.174   12.485  176.211   14.477
  -1.520   16.092  142.818   20.955
   0.851   17.923  157.472   22.410
   3.298    9.022  134.608   12.121
   6.683    5.374  135.207    7.202
  -0.748   14.444  135.204   19.340
   9.483    3.616  133.091    4.925
  -3.372   22.081  172.820   24.783
 -11.345   19.472  182.058   21.234
   1.605   25.425  168.672   30.039
 -31.912   12.401  175.419   14.286
   4.207   21.923  147.644   27.688
 -43.319   10.349  165.893   12.478
 -19.105   19.149  180.972   21.350
  -0.328   22.157  139.910   29.385
   7.073   28.244  159.300   34.654
 -40.548   11.373  150.469   14.356
 -40.537   13.254  174.617   16.045
 -29.209   20.338  181.328   24.085
  -0.870   32.399  172.250   37.709
 -45.206   11.282  155.051   14.112
  -9.409   25.238  177.335   28.152
 -34.030    9.955  148.479   12.556
 -16.307    7.072  136.731    9.702
  -5.674    3.960  135.127    5.478
 -46.945   14.015  161.986   17.541
 -25.743   10.079  147.271   12.920
   7.470   30.477  167.110   37.205
 -16.575   22.745  183.352   24.738
  13.311   35.950  153.983   43.301
 -35.927   19.268  180.611   22.035
 -47.332   18.290  167.556   22.457
 -24.015   24.074  184.063   26.304
   7.977   35.993  149.381   45.819
  12.487   35.783  161.282   42.069
 -46.122   17.396  154.114   22.225
 -40.016   21.702  150.004   27.348
 -10.375   33.278  176.863   38.163
   3.804   43.018  168.626   50.667
 -43.178   18.629  174.068   22.568
 -30.654   21.066  183.398   23.624
 -48.799   18.019  156.264   22.851
 -18.556   26.204  181.369   29.407
 -33.534   16.710  147.134   21.884
   9.762   42.187  161.838   50.635
 -50.450   20.242  160.107   25.468
 -24.367   25.477  182.408   29.732
  18.441   39.680  156.156   47.317
 -16.130   12.245  142.618   15.945
  18.493   45.129  155.124   54.465
  16.150   50.245  155.817   60.208
   5.709   18.162  133.008   24.419
   8.467   17.651  130.235   23.897
   5.733   33.432  140.971   43.770
 -36.297   23.304  177.372   26.577
 -28.118   25.150  181.467   29.528
  -8.378   37.765  173.238   42.953
   0.232   43.400  166.243   50.053
 -15.685   42.097  179.210   46.800
 -48.422   18.506  161.444   23.372
  12.148   61.843  147.895   78.983
  12.173   52.607  157.078   62.059
  28.940   56.321  155.957   67.105
  25.330   56.110  151.559   68.589
  12.371   10.104  130.135   13.581
 -19.923   39.360  180.287   42.983
  21.391   60.655  158.371   72.857
  21.348   70.842  148.195   86.402
 -31.793   29.500  177.714   33.508
  37.125   64.554  150.952   79.654
  10.523    3.068  136.637    3.979
 -44.959   21.844  155.926   26.848
 -41.148   23.653  154.571   29.406
 -44.106   22.573  163.840   28.084
 -25.411   18.222  147.744   23.375
 -26.304   28.936  177.109   33.199
  -8.234    8.391  133.581   11.316
 -49.505   20.405  155.216   25.887
 -37.328   27.164  155.910   33.566
  -6.869   54.684  175.933   61.623
   1.824   68.346  165.882   78.906
  -9.652   54.184  179.642   59.800
  31.763   81.921  142.597  105.070
  12.178   64.876  148.818   80.279
 -47.116   20.959  148.442   27.594
 -16.266   47.246  179.156   54.092
 -39.872   30.954  167.576   37.914
 -31.021   29.623  175.226   35.325
  32.291   86.169  157.840  102.855
 -31.880   30.699  157.594   37.746
  26.838   75.319  145.550   93.306
 -45.900   24.117  153.696   31.063
 -23.480   36.402  172.666   43.069
  13.774   41.058  141.575   53.426
   6.572    1.538  136.761    2.121
  16.260   27.391  135.473   36.851
  17.887   60.390  150.131   76.701
   7.340    1.224  135.915    1.696
   3.618    2.153  133.202    2.971
  11.634    6.168  128.409    8.450
  12.000    1.573  137.870    2.076
  15.932   20.998  131.881   28.925
   9.474    1.244  139.435    1.693
  36.669   72.094  139.995   94.975
  24.513   74.974  154.343   91.487
  40.312   90.429  151.319  111.429
  15.238   14.903  128.382   20.677
  33.473   80.949  137.426  106.559
  -1.873   67.995  173.419   76.635
   3.955   86.623  164.395  100.372
  33.068   88.121  155.080  106.650
  14.952   81.874  151.200  100.421
  -7.204   61.614  180.077   67.226
 -37.567   30.884  173.747   36.009
 -14.927   52.501  175.339   61.510
  28.831   87.753  142.543  111.074
  36.742   83.444  140.173  109.291
  36.510   87.470  132.567  119.815
 -29.227   38.249  172.219   46.187
 -37.188   34.910  153.937   43.344
 -41.144   29.529  163.352   35.525
 -42.577   25.066  148.220   32.209
 -30.458   40.889  160.235   49.705
 -14.041   25.051  143.901   32.188
 -42.639   30.608  143.620   39.425
  -8.169   12.530  135.568   16.163
 -21.470   33.735  155.607   41.803
   1.827    4.575  128.662    6.158
 -27.745   38.594  162.661   47.291
 -20.663   46.142  170.953   55.428
 -40.594   35.394  143.884   44.242
  12.158    1.479  138.334    1.963
 -21.598   59.335  169.819   71.168
  -1.850    9.858  127.995   12.978
 -36.680   39.372  172.857   47.217
 -40.433   38.068  168.824   43.959
   3.992   84.695  169.957   96.454
   7.581   83.354  158.813   99.135
  -2.689   93.985  178.124  108.284
  35.470   89.969  130.422  123.976
 -27.876   52.103  167.372   64.544
 -40.584   32.454  152.787   40.970
  -9.606   73.739  171.757   86.800
  17.757   93.372  150.404  114.460
  33.940   95.321  147.470  120.460
 -24.203   45.815  147.841   58.419
 -28.729   39.256  141.283   50.799
 -11.258   33.649  148.218   42.251
 -18.421   50.461  150.582   63.549
 -34.142   39.162  139.502   51.218
  -6.859   21.368  138.590   27.984
 -13.018   66.868  164.754   81.554
 -38.091   48.514  172.476   58.055
 -10.611   55.461  163.695   67.682
 -21.129   52.432  162.904   64.217
 -35.618   50.130  166.145   61.562
 -37.794   50.281  164.964   59.811
 -35.642   38.275  138.782   50.030
  28.707  113.400  139.987  146.588
 -29.072   52.228  157.835   62.372
 -34.767   40.214  143.529   51.568
  -7.575   73.445  165.763   86.894
  -2.050   13.823  133.422   18.123
 -19.527   64.308  138.878   83.925
 -14.156   60.343  140.431   76.487
 -35.133   59.548  169.256   69.443
 -38.793   48.501  164.681   58.943
  -8.541   52.820  155.978   64.879
  -7.320   33.147  144.967   42.254
 -24.539   54.614  132.288   73.376
  -7.586   61.667  142.487   79.372
   7.363   91.433  169.307  108.593
  12.433   98.898  161.081  118.202
 -32.062   47.139  153.348   58.539
  -1.269   78.535  163.811   91.674
 -37.249   49.446  157.543   62.760
 -29.146   49.226  131.863   65.979
  14.057  122.716  153.949  150.130
 -13.655   68.415  148.384   85.069
  37.978   82.103  120.536  117.826
  41.478  105.443  131.934  144.924
  38.976  108.079  123.392  154.054
  16.245  112.607  143.514  139.292
  -5.623   79.455  161.754   96.286
  -2.222   74.941  151.046   93.946
 -37.126   53.727  165.557   64.272
 -31.890   53.911  132.776   72.008
 -28.262   68.079  143.102   87.070
 -28.908   55.950  159.685   67.414
 -40.269   58.597  158.598   72.886
  34.767   96.122  136.447  126.675
  23.921   72.733  150.056   92.150
  25.109   92.648  130.541  123.230
  29.154  102.473  149.877  126.460
  26.078   55.527  145.382   70.672
  18.285   96.072  157.593  114.364
  22.140  106.538  153.435  129.826
 -35.414   57.286  146.349   72.613
   8.959   86.030  154.242  103.799
  34.074   88.826  120.003  125.274
  40.274   76.278  103.781  117.843
  35.330   99.776  149.763  123.004
  20.517  121.514  139.506  153.027
  29.245   45.143  140.537   59.464
  35.701  124.960  140.226  165.326
  35.030   84.846  109.801  123.326
  -2.796   87.304  142.588  112.175
  35.424  126.672  145.002  159.935
  15.376    7.168  128.742    9.785
  26.715   34.014  134.117   45.434
  12.395    2.535  137.438    3.282
  14.551   10.952  129.077   14.860
  34.955  153.201  139.743  203.713
  18.119  154.772   93.300  235.366
  22.579  108.040  125.017  142.913
  42.528   90.165   97.416  143.975
 -18.341   89.353  134.066  119.485
 -34.428   63.416  160.540   77.354
 -29.305   54.347  136.532   69.920
 -37.478   58.894  149.842   75.562
 -27.491   63.018  161.195   76.872
  29.148  122.921  149.903  149.398
  31.682   90.799  146.553  115.264
  29.528  105.761  143.540  132.992
  24.567  126.743  152.359  153.861
  27.482  144.727  119.873  196.578
  35.089   90.417  101.230  134.356
  28.930  104.524  131.965  134.493
  29.951  113.107  152.363  143.461
  13.988  123.795  151.312  149.311
  33.875   69.776  146.897   91.050
 -29.253   71.271  137.057   93.023
  26.841  111.474  130.233  147.812
  36.557  136.778  136.825  176.075
  20.726   30.672  133.379   41.610
  36.990   64.973  142.478   85.972
   0.050   92.049  142.836  121.877
  14.036  137.596   95.394  212.638
  22.102  112.828  110.770  163.318
  15.089    1.766  138.072    2.364
  32.930   48.719  141.379   62.199
  13.792    8.912  129.850   12.070
  16.986    5.388  138.254    6.687
  19.150   23.415  131.706   32.217
   9.915    2.361  132.629    3.274
  10.827    1.599  135.457    2.194
   8.508    2.869  130.586    3.896
  19.018  134.530  147.143  175.186
  24.730  134.980  152.523  166.029
  22.288  155.136  138.512  205.938
  13.711    1.237  136.947    1.695
  32.878  120.739  154.800  148.517
  18.808    2.518  139.813    3.162
  27.174   43.059  137.862   56.002
   5.705    4.750  129.204    6.306
  15.898    1.462  138.316    1.928
  37.689   79.542  150.137   99.616
  45.460  147.807  104.304  217.301
  15.023   15.109  133.386   20.666
  16.691    7.471  134.619    9.982
  36.514   68.390  145.436   85.031
  22.751   38.885  133.614   51.489
  30.987  118.142  116.072  166.219
  33.459  105.918  131.641  138.990
 -12.912   78.158  134.000  106.483
  24.136  121.460  146.470  153.979
  31.032  130.345  114.635  180.586
  -2.526  155.280  110.029  227.109
  -1.775  347.542  133.944  487.133
  -4.618  144.385  120.414  194.507
  30.422   62.717  143.058   81.557
  21.829    4.505  145.316    5.933
  26.392  106.977  148.511  132.454
  18.953    1.945  141.331    2.537
  19.708   27.761  133.347   37.132
  14.434   14.199  137.848   19.052
  35.958  104.575  149.687  129.893
  22.431   49.224  139.074   64.183
  22.874    3.574  145.887    4.593
  22.040    7.236  138.185    9.880
  13.892  116.454  148.476  146.399
  27.876   99.439  144.803  126.598
   1.258    9.425  132.451   12.358
  24.651    6.540  148.474    8.492
  14.886   25.562  141.238   33.872
  19.044    1.907  134.858    2.621
  16.631    2.146  132.302    2.996
  15.582   47.304  138.985   61.596
  21.852    2.143  138.188    2.930
  14.764    3.303  131.278    4.478
  19.923   14.764  134.760   20.063
  -2.891   23.233  132.555   30.466
  24.768    2.676  144.739    3.547
  10.579    4.224  130.195    5.721
  21.858   73.320  137.137   96.605
  25.866  144.972  139.462  184.514
  24.892    6.977  142.124    9.328
   1.729   17.274  135.145   22.451
  27.594    4.599  154.491    5.859
   6.732    7.465  131.469    9.757
  14.581   45.492  139.987   59.307
  15.646   29.470  142.564   38.245
  19.282  126.545  139.248  159.344
  11.990   80.193  130.467  105.079
  28.001  128.997  118.381  175.955
   0.290  114.467  141.518  145.642
 -30.667   67.850  149.026   87.217
 -28.213   68.612  158.610   84.623
 -22.226   75.163  133.480   98.102
   8.714  164.553  138.020  206.341
 -12.152  111.175  136.302  141.932
 -23.101   63.940  158.513   79.385
 -20.254   72.302  147.546   89.113
  11.140  116.622  129.551  155.841
  -9.204  257.699  121.947  342.909
  23.554   14.071  147.632   18.457
  29.162    6.928  154.617    8.809
   5.468  192.081  140.694  248.415
   9.141   80.940  138.231  107.501
  16.668   43.038  142.725   55.563
   6.276  101.258  127.303  134.719
  27.627    8.674  151.676   11.064
  18.085   26.658  147.966   34.774
   6.663  185.539  122.049  254.724
  29.680    4.633  143.356    5.998
  26.941    3.903  137.902    5.115
  30.672    4.383  151.116    5.520
  21.034    3.272  134.980    4.475
  30.701    5.342  158.531    6.705
  22.181   16.434  154.361   20.994
  14.005   64.450  140.447   82.108
  15.280    4.276  133.366    5.718
   2.457   88.151  128.797  118.558
   3.949   14.592  132.591   19.101
  22.179   49.936  151.714   63.131
  29.932    7.013  163.340    8.652
   8.845  158.950  125.838  215.033
  10.470    6.607  133.207    8.848
  -2.645   35.089  138.773   46.010
  21.521   25.280  149.151   32.639
   2.040   37.042  138.309   47.045
  -6.253   57.865  148.668   72.931
  29.177   11.698  164.399   14.358
   8.103  196.426  103.688  331.280
   6.854   87.979  134.759  115.777
  19.048   79.903  148.044  102.138
   3.603  119.763  129.618  158.863
  25.738   22.558  160.930   28.181
  32.523    4.973  147.771    6.335
  33.134    5.745  157.234    7.276
  29.338    5.042  143.665    6.475
   6.731   13.867  134.969   18.029
  24.756   45.316  151.521   55.667
  31.221    8.247  167.733   10.048
   2.735   21.811  132.937   29.141
  22.559    5.532  137.055    7.104
  48.503  304.284  168.997  353.061
  29.373   11.060  173.502   13.261
  14.849    8.358  136.611   10.830
  25.896   25.358  153.717   32.054
  -5.315   69.670  146.701   89.569
   9.880   79.724  142.468  101.877
  -0.126  118.373  136.300  151.131
  21.647   71.492  151.599   90.390
  21.945  248.121  168.808  279.864
  27.775   14.225  177.411   16.874
  28.496   34.557  148.624   43.137
  27.288   19.494  170.279   23.591
   9.193  147.919  145.022  181.596
  13.526   67.452  143.106   86.741
   8.970   13.217  141.473   17.194
   5.169   21.999  139.306   28.392
  36.584    7.441  161.513    9.329
  29.171   24.383  164.620   29.707
  34.481    7.354  153.496    9.220
  34.905   10.299  174.693   12.308
  23.975   49.513  146.979   64.845
  31.551    7.875  146.195   10.002
  31.833   12.588  183.108   14.823
  29.644   16.233  185.480   18.915
   3.423   87.604  136.495  112.995
  30.783   38.373  152.555   47.866
  25.188    8.238  142.330   10.544
  17.864  285.275  123.314  389.055
   5.717   18.491  144.052   23.915
  13.956   63.533  141.874   81.052
  27.751   22.916  181.597   26.833
   2.290   37.155  135.843   49.150
   1.001   41.927  134.337   55.258
  17.283   12.391  144.344   15.788
   2.338   29.218  143.846   36.604
  -3.605   56.717  137.150   71.606
  -0.487   69.963  146.623   89.348
  23.083   54.565  142.811   68.305
  30.623   26.012  177.230   30.567
  12.626  115.007  135.572  148.038
  39.255   10.932  165.067   13.460
  36.998   12.112  178.037   14.392
   6.223   95.678  132.162  123.460
  38.001   13.152  151.704   16.374
   8.784   16.622  144.863   21.255
  34.921   14.510  187.795   16.785
   3.973   27.112  147.656   33.577
  30.560   39.770  169.160   47.276
  34.543   14.607  144.624   18.945
  31.697   19.514  192.432   22.344
  11.779   60.552  140.502   76.631
  27.981   26.675  192.328   29.823
  28.291   13.459  143.299   17.613
  20.772   59.542  155.479   73.982
   5.122   29.903  149.890   35.259
  -6.091   80.103  143.502  100.081
   2.426   48.878  138.933   63.294
   2.697   44.086  129.550   60.352
  15.030  273.407  160.158  336.812
  19.116   17.038  144.057   22.107
  29.892   28.427  189.828   32.309
  -1.040   73.479  143.065   95.224
   0.885   45.441  153.090   55.229
   1.436   50.554  130.072   67.402
   8.160   87.966  137.005  111.111
  38.922   19.420  180.642   22.402
  38.406   15.711  170.857   18.793
  27.276   42.348  187.761   46.762
  35.705   19.842  189.446   22.479
  13.197   67.773  152.153   81.164
  36.256   14.242  151.670   17.969
  10.832   23.725  145.998   29.889
   2.722   50.320  165.706   59.661
  32.969   21.549  193.748   23.666
  32.864   15.706  144.497   20.387
  17.047   99.804  129.377  131.005
  30.481   23.701  194.737   25.485
  19.875   59.483  179.016   67.928
  10.090   90.703  139.922  112.994
  26.036   20.652  144.358   26.873
  32.715   30.649  193.433   32.555
  14.250   77.730  167.166   90.553
   3.895   43.414  156.126   52.139
  32.318   55.450  188.962   58.631
  18.561  252.477  136.471  335.718
  18.397   29.696  144.683   38.501
  -6.750   74.931  134.333   99.161
   3.845   70.542  148.100   88.400
   5.820   55.343  128.551   74.012
  37.646   27.056  182.873   31.599
  16.798  101.785  129.756  132.662
  35.416   24.606  187.410   27.277
  36.720   21.153  170.536   25.497
   0.988   61.346  170.577   68.829
  33.964   26.830  187.919   29.406
  31.876   21.163  154.402   26.586
  -3.165   94.094  132.021  126.099
   8.504   61.328  124.858   82.758
  18.116   71.142  181.105   80.890
  12.931   38.322  146.864   47.034
  32.509   30.394  188.215   33.551
  27.755   24.633  143.455   32.195
  10.589  104.689  149.836  123.793
   3.172   70.167  170.345   78.779
  33.105   36.687  191.412   39.506
  22.672   26.531  145.339   33.679
   2.490   70.367  127.329   94.119
  -2.852   89.051  137.825  113.890
  -7.709   75.925  125.238  104.970
  -8.939   82.995  136.078  107.374
   0.624   96.383  127.969  127.863
 -11.530   91.053  136.748  117.403
   8.196   45.999  147.529   56.445
  13.230   72.257  130.006   95.096
   9.410   71.132  156.387   82.954
  -5.015   73.091  112.902  103.680
 -16.801   68.660  131.061   91.680
  17.017   72.551  118.858   98.917
  10.178   73.172  169.557   81.807
  18.984   36.267  146.893   44.670
   0.981   73.106  164.973   82.964
  34.375   61.758  188.252   65.488
  -4.959   87.796  121.376  123.255
  -3.917   72.644  116.795  106.907
  33.334   33.668  184.335   37.953
  17.143   78.706  118.415  108.493
  29.023   30.144  173.783   35.015
  34.104   32.011  186.128   35.367
  15.574   98.954  131.837  129.016
  24.846   32.128  157.959   39.260
  36.283   36.534  184.194   40.633
  13.275   42.209  145.306   52.397
   7.366   60.565  154.516   74.135
 -24.577   63.793  129.146   84.251
  19.460   36.979  147.104   46.604
   2.723   86.671  110.488  126.836
  21.377   64.920  178.964   70.705
  40.180   42.877  182.887   47.191
  21.135   75.477  129.917   99.016
  10.287   84.992  151.745  102.589
  25.965   72.799  109.689  104.448
  15.162  102.964  121.954  141.207
   4.729   94.985  161.886  107.545
  17.573   39.871  148.143   48.638
  12.491   57.017  141.003   71.311
   7.070   96.686  118.958  135.684
  32.437   86.997  111.485  120.985
  38.981   43.371  184.936   48.644
   3.835   82.275  157.657   96.197
  17.369   54.061  150.398   65.365
 -28.580   67.717  125.413   91.186
  15.645   71.120  166.912   80.477
  16.100  122.897  113.621  173.913
  35.342   54.741  181.943   61.465
  19.473  124.898  135.060  164.421
  27.915   47.762  178.168   53.751
  20.547   43.379  165.102   51.487
  34.749   41.432  182.714   45.306
   8.451   75.357  133.869   99.043
  15.318   41.381  156.227   50.964
  14.089   56.606  149.760   69.979
  42.543   38.892  181.258   43.327
  26.362   61.032  173.808   69.205
  13.134   43.522  150.943   53.099
  10.155   80.805  145.935  101.506
  42.929   41.153  184.300   45.967
  22.929   93.863  140.913  121.576
  40.976   97.425  114.895  140.402
  13.185  139.458  126.431  185.143
   3.169  114.316  155.501  134.966
  11.591   55.142  154.473   65.845
  -2.537  110.144  113.326  153.924
  -6.037  141.658  129.913  193.133
  47.565   92.174  107.070  138.419
  11.691  121.295   90.942  192.176
  10.583   61.385  137.854   78.580
  -9.574  149.252  141.124  183.883
  43.176   50.047  180.970   56.628
   5.177   83.250  141.116  103.891
  -2.397  118.236  143.384  147.595
  12.410   77.377  154.781   92.496
  24.645  177.728  119.311  248.261
  55.994  159.005  126.288  213.201
  20.325   73.753  162.050   89.471
  -1.814  145.718  145.354  174.608
   6.050   76.617  132.057   99.301
  37.594   65.915  177.824   77.149
 -26.753   66.538  129.782   88.900
  14.883  103.709  135.229  133.122
  31.292  168.678  104.574  244.714
   7.897   85.119  148.702  104.346
  31.703  166.175  110.167  245.092
  15.412   51.202  153.354   63.386
  24.822   52.372  164.579   62.706
  11.403   59.275  149.114   74.807
  38.383   51.791  176.837   57.955
   5.706   92.052  137.172  117.518
  16.297  119.237  140.974  155.591
   4.877   71.925  154.407   88.224
  47.048   60.850  178.321   66.197
  24.226  179.381   89.667  282.363
 -17.063   86.995  154.086  106.093
 -10.001  133.911  141.113  164.662
   5.112   79.406  138.782  101.395
   1.678   91.143  129.137  118.232
   6.360   71.022  154.969   84.260
  45.251   62.515  179.974   70.830
  29.130   63.297  172.076   75.545
  14.995   99.350  145.489  128.659
  39.770  250.105  112.765  321.604
  22.348  131.838  120.100  180.200
   4.945  197.320   89.799  329.607
   6.060   85.538  156.273  102.094
   6.639  100.625  129.994  131.647
  -0.742   81.664  132.033  106.542
 -18.687   77.483  136.167  102.545
 -15.220   99.547  133.346  130.491
  25.469  223.727  124.912  298.848
   0.553  122.878  133.410  158.925
  38.532   58.912  181.287   65.343
   2.211   97.107  147.700  119.863
 -14.479   77.302  155.938   96.964
 -20.439   72.840  155.723   90.248
 -11.253   84.053  149.462  104.560
 -21.787   87.759  149.346  111.798
 -18.757  119.578  125.846  165.072
  11.980   53.895  141.423   67.549
 -10.986   93.653  126.938  126.559
  10.686  166.257  106.995  251.015
   5.112   69.709  141.711   86.951
  21.059   55.118  146.225   67.306
   7.196  153.838  109.477  223.448
  -2.939  114.595  139.440  146.768
  -3.334   83.916  151.229  104.581
  23.268   64.952  163.476   75.546
  36.190   59.188  162.485   69.952
  29.007   66.476  174.926   74.998
  18.410  155.760  137.573  201.991
  42.509   77.036  173.463   88.770
  -1.023   82.426  153.808  100.422
  -3.538  107.026  120.832  150.185
  36.101   80.002  178.931   93.420
   1.052   97.307  151.104  117.710
  22.861   66.275  170.886   78.000
 -10.812  130.046  141.111  162.868
  19.730   93.688  153.437  116.536
 -12.631  124.205  127.683  167.253
  26.738   67.876  176.912   75.903
   4.640  106.104  144.447  132.334
  22.469   86.735  166.907  100.396
  18.995   71.540  172.890   81.357
   6.119   64.752  131.326   83.477
  15.715   63.726  137.287   80.888
  20.723  150.312  154.139  185.659
  -2.175   72.073  137.383   91.184
  22.699   67.760  149.816   85.991
  -9.390   81.319  145.694  104.454
  -0.598  122.978  142.320  155.683
  27.362   72.598  168.190   86.023
  -2.482  159.797  110.074  244.265
  -7.204   88.857  149.263  109.780
 -20.302  100.576  140.894  126.450
   1.903  113.932  150.044  137.970
  19.432   80.289  178.139   94.497
  17.102   73.047  164.369   85.897
  17.144  124.739  164.894  143.528
   3.059  164.894  121.802  224.237
   3.380  123.116  144.550  152.412
 -22.189  116.526  115.088  171.697
 -19.479  127.581  123.828  183.603
  14.411   83.806  170.972   99.910
   3.728  152.478  147.426  185.189
  -1.035   65.856  137.640   86.664
 -10.378   89.760  141.895  115.177
   3.476   70.877  139.780   91.595
 -14.724  106.259  145.328  132.041
  12.492   78.047  156.352   95.972
  -9.141   84.920  142.516  109.369
  18.972  109.098  161.739  129.583
  -3.619  170.560  150.342  205.147
  10.716   85.670  162.230  104.382
   8.772  221.770  114.096  330.336
  16.336  236.029  151.969  295.280
   1.857   98.496  152.418  119.464
  11.129   98.956  170.600  117.703
  16.979  152.491  165.842  173.585
   5.411  116.295  149.793  141.402
   6.470  102.069  176.039  118.393
  11.107   77.464  149.241   96.201
  18.556  141.724  164.052  163.327
  14.174  158.344  148.549  190.366
   5.584   86.243  169.840  100.532
  -6.431  100.506  148.435  121.993
 -20.356   88.670  137.152  112.927
  -6.277   85.711  151.054  109.314
 -16.501   92.535  137.088  117.989
 -12.694   88.200  137.485  118.265
  -1.827   98.918  146.499  126.730
 -13.054  104.719  137.886  132.450
   0.422  106.601  150.667  133.785
  -2.793  131.370  109.360  197.587
  -6.877   96.165  141.611  120.519
   3.057  102.345  159.550  125.569
   0.857  127.524  137.333  160.007
  14.419   93.252  149.909  112.821
   6.402   84.760  152.097  104.558
   2.074  114.140  166.317  133.201
   8.178  148.490  143.277  188.740
  15.318  132.532  164.985  150.791
   5.206  103.596  165.953  125.210
 -31.442  165.108  122.177  222.352
 -12.014   95.508  152.141  113.755
  -7.358  151.242  136.603  187.613
 -15.850  106.770  139.932  133.803
 -33.557  112.491  125.622  149.030
   4.205  117.448  144.868  152.466
 -13.685   93.281  146.492  114.775
 -13.693  101.610  108.258  150.766
 -14.397   92.741  124.279  128.094
  -9.086   98.464  123.783  137.667
  -3.338  158.029  145.540  202.342
  11.874   80.477  141.668  105.419
  -3.811  127.174  121.309  178.611
   1.948  188.122  157.264  234.220
   7.414  102.806  165.809  121.673
  16.571  108.365  152.284  129.318
   1.971  132.036  157.033  165.880
  -0.467   88.453  144.343  115.766
   8.363  108.805  159.798  134.474
  12.400  105.353  152.003  130.623
  14.977   99.902  136.930  130.334
  16.793  189.813  163.149  215.347
  10.968  222.353  149.501  265.080
  12.558  110.506  162.449  135.692
  18.698  127.979  155.236  151.816
  14.126   96.451  138.240  122.925
 -13.788  119.791  104.962  177.628
   3.586  152.813  144.488  197.699
  13.695  117.473  135.293  150.272
  16.404  143.818  158.685  174.481
  11.315  117.229  132.459  152.652
  19.360  154.070  151.719  187.972
  13.910  150.915  149.921  192.313
  13.096  152.583  143.997  191.948
  11.062  125.775  139.633  159.759
  17.663  149.563  151.145  184.036
 -31.318  134.334  128.934  175.152
 -10.177   89.649  146.599  110.907
   2.300  107.144  143.451  140.513
 -12.175  144.345  143.534  177.690
  11.687  116.685  129.410  154.261
  -6.839  141.289  153.681  172.113
  -0.276   89.554  142.238  113.913
  -7.862  150.290  137.791  190.258
  -3.637  179.026  154.295  216.935
  -7.390  259.839  155.765  315.850
   2.588  107.783  128.540  146.239
  13.292  154.561  135.485  204.468
   7.124  133.937  130.339  182.433
   0.787  126.136  142.351  158.048
  -3.575  103.773  138.248  131.352
  -9.026  162.098  142.270  203.069
   9.079  254.446  140.189  333.999
