# Binning scheme file
# X_pix  Y_pix  binid
-23.0000  -9.0000     728
-23.0000  -8.0000     728
-23.0000  -7.0000     728
-23.0000  -4.0000     289
-23.0000  -3.0000     289
-23.0000  -2.0000     289
-23.0000   2.0000     296
-22.0000 -10.0000     727
-22.0000  -9.0000     728
-22.0000  -8.0000     728
-22.0000  -7.0000     669
-22.0000  -6.0000     669
-22.0000  -5.0000     669
-22.0000  -4.0000     289
-22.0000  -3.0000     289
-22.0000  -2.0000     289
-22.0000  -1.0000     289
-22.0000   0.0000     296
-22.0000   1.0000     296
-22.0000   2.0000     296
-22.0000   3.0000     296
-22.0000   4.0000     296
-22.0000   5.0000     290
-22.0000   6.0000     290
-22.0000   7.0000     290
-22.0000   8.0000     290
-22.0000  11.0000     292
-22.0000  12.0000     292
-22.0000  13.0000     292
-21.0000 -12.0000     735
-21.0000 -11.0000     727
-21.0000 -10.0000     727
-21.0000  -9.0000     728
-21.0000  -8.0000     728
-21.0000  -7.0000     669
-21.0000  -6.0000     669
-21.0000  -5.0000     295
-21.0000  -4.0000     295
-21.0000  -3.0000     289
-21.0000  -2.0000     289
-21.0000  -1.0000     289
-21.0000   0.0000     288
-21.0000   1.0000     296
-21.0000   2.0000     296
-21.0000   3.0000     296
-21.0000   4.0000     282
-21.0000   5.0000     290
-21.0000   6.0000     290
-21.0000   7.0000     290
-21.0000   8.0000     290
-21.0000   9.0000     292
-21.0000  10.0000     292
-21.0000  11.0000     292
-21.0000  12.0000     292
-21.0000  13.0000     292
-21.0000  14.0000     292
-20.0000 -13.0000     735
-20.0000 -12.0000     735
-20.0000 -11.0000     727
-20.0000 -10.0000     727
-20.0000  -9.0000     673
-20.0000  -8.0000     673
-20.0000  -7.0000     669
-20.0000  -6.0000     669
-20.0000  -5.0000     295
-20.0000  -4.0000     295
-20.0000  -3.0000     295
-20.0000  -2.0000     289
-20.0000  -1.0000     288
-20.0000   0.0000     288
-20.0000   1.0000     276
-20.0000   2.0000     276
-20.0000   3.0000     282
-20.0000   4.0000     282
-20.0000   5.0000     290
-20.0000   6.0000     290
-20.0000   7.0000     290
-20.0000   8.0000     290
-20.0000   9.0000     292
-20.0000  10.0000     292
-20.0000  11.0000     292
-20.0000  12.0000     292
-20.0000  13.0000     292
-20.0000  14.0000     292
-19.0000 -13.0000     735
-19.0000 -12.0000     700
-19.0000 -11.0000     679
-19.0000 -10.0000     679
-19.0000  -9.0000     673
-19.0000  -8.0000     673
-19.0000  -7.0000     306
-19.0000  -6.0000     298
-19.0000  -5.0000     298
-19.0000  -4.0000     272
-19.0000  -3.0000     272
-19.0000  -2.0000     272
-19.0000  -1.0000     288
-19.0000   0.0000     288
-19.0000   1.0000     276
-19.0000   2.0000     276
-19.0000   3.0000     282
-19.0000   4.0000     282
-19.0000   5.0000     282
-19.0000   6.0000     290
-19.0000   7.0000     290
-19.0000   8.0000     290
-19.0000   9.0000     292
-19.0000  10.0000     292
-19.0000  11.0000     292
-19.0000  12.0000     292
-19.0000  13.0000     292
-19.0000  14.0000     292
-19.0000  15.0000     314
-18.0000 -13.0000     700
-18.0000 -12.0000     700
-18.0000 -11.0000     679
-18.0000 -10.0000     679
-18.0000  -9.0000     603
-18.0000  -8.0000     308
-18.0000  -7.0000     306
-18.0000  -6.0000     298
-18.0000  -5.0000     266
-18.0000  -4.0000     258
-18.0000  -3.0000     272
-18.0000  -2.0000     254
-18.0000  -1.0000     254
-18.0000   0.0000     257
-18.0000   1.0000     257
-18.0000   2.0000     276
-18.0000   3.0000     255
-18.0000   4.0000     282
-18.0000   5.0000     262
-18.0000   6.0000     262
-18.0000   7.0000     271
-18.0000   8.0000     271
-18.0000   9.0000     292
-18.0000  10.0000     292
-18.0000  11.0000     292
-18.0000  12.0000     292
-18.0000  13.0000     292
-18.0000  14.0000     314
-17.0000 -15.0000     699
-17.0000 -14.0000     699
-17.0000 -13.0000     678
-17.0000 -12.0000     678
-17.0000 -11.0000     668
-17.0000 -10.0000     604
-17.0000  -9.0000     603
-17.0000  -8.0000     308
-17.0000  -7.0000     297
-17.0000  -6.0000     256
-17.0000  -5.0000     266
-17.0000  -4.0000     258
-17.0000  -3.0000     237
-17.0000  -2.0000     235
-17.0000  -1.0000     254
-17.0000   0.0000     239
-17.0000   1.0000     257
-17.0000   2.0000     255
-17.0000   3.0000     255
-17.0000   4.0000     262
-17.0000   5.0000     262
-17.0000   6.0000     271
-17.0000   7.0000     271
-17.0000   8.0000     271
-17.0000   9.0000     292
-17.0000  10.0000     292
-17.0000  11.0000     292
-17.0000  12.0000     292
-17.0000  13.0000     314
-17.0000  14.0000     314
-17.0000  15.0000     314
-17.0000  16.0000     314
-16.0000 -16.0000     699
-16.0000 -15.0000     699
-16.0000 -14.0000     699
-16.0000 -13.0000     678
-16.0000 -12.0000     678
-16.0000 -11.0000     668
-16.0000 -10.0000     604
-16.0000  -9.0000     311
-16.0000  -8.0000     299
-16.0000  -7.0000     269
-16.0000  -6.0000     256
-16.0000  -5.0000     250
-16.0000  -4.0000     240
-16.0000  -3.0000     237
-16.0000  -2.0000     235
-16.0000  -1.0000     215
-16.0000   0.0000     239
-16.0000   1.0000     226
-16.0000   2.0000     234
-16.0000   3.0000     255
-16.0000   4.0000     262
-16.0000   5.0000     262
-16.0000   6.0000     271
-16.0000   7.0000     271
-16.0000   8.0000     271
-16.0000   9.0000     273
-16.0000  10.0000     287
-16.0000  11.0000     287
-16.0000  12.0000     287
-16.0000  13.0000     314
-16.0000  14.0000     314
-16.0000  15.0000     314
-16.0000  16.0000     314
-16.0000  17.0000     314
-15.0000 -16.0000     699
-15.0000 -15.0000     699
-15.0000 -14.0000     674
-15.0000 -13.0000     674
-15.0000 -12.0000     654
-15.0000 -11.0000     595
-15.0000 -10.0000     587
-15.0000  -9.0000     305
-15.0000  -8.0000     267
-15.0000  -7.0000     252
-15.0000  -6.0000     236
-15.0000  -5.0000     220
-15.0000  -4.0000     216
-15.0000  -3.0000     213
-15.0000  -2.0000     212
-15.0000  -1.0000     215
-15.0000   0.0000     204
-15.0000   1.0000     226
-15.0000   2.0000     234
-15.0000   3.0000     227
-15.0000   4.0000     241
-15.0000   5.0000     241
-15.0000   6.0000     271
-15.0000   7.0000     271
-15.0000   8.0000     273
-15.0000   9.0000     273
-15.0000  10.0000     287
-15.0000  11.0000     287
-15.0000  12.0000     287
-15.0000  13.0000     314
-15.0000  14.0000     314
-15.0000  15.0000     314
-15.0000  16.0000     314
-15.0000  17.0000     314
-14.0000 -16.0000     682
-14.0000 -15.0000     670
-14.0000 -14.0000     674
-14.0000 -13.0000     674
-14.0000 -12.0000     654
-14.0000 -11.0000     595
-14.0000 -10.0000     312
-14.0000  -9.0000     270
-14.0000  -8.0000     251
-14.0000  -7.0000     219
-14.0000  -6.0000     210
-14.0000  -5.0000     196
-14.0000  -4.0000     190
-14.0000  -3.0000     189
-14.0000  -2.0000     191
-14.0000  -1.0000     195
-14.0000   0.0000     204
-14.0000   1.0000     193
-14.0000   2.0000     205
-14.0000   3.0000     227
-14.0000   4.0000     241
-14.0000   5.0000     242
-14.0000   6.0000     242
-14.0000   7.0000     273
-14.0000   8.0000     273
-14.0000   9.0000     273
-14.0000  10.0000     287
-14.0000  11.0000     287
-14.0000  12.0000     287
-14.0000  13.0000     314
-14.0000  14.0000     314
-14.0000  15.0000     314
-14.0000  16.0000     314
-14.0000  17.0000     314
-13.0000 -17.0000     682
-13.0000 -16.0000     682
-13.0000 -15.0000     670
-13.0000 -14.0000     670
-13.0000 -13.0000     650
-13.0000 -12.0000     594
-13.0000 -11.0000     574
-13.0000 -10.0000     307
-13.0000  -9.0000     253
-13.0000  -8.0000     217
-13.0000  -7.0000     192
-13.0000  -6.0000     182
-13.0000  -5.0000     166
-13.0000  -4.0000     164
-13.0000  -3.0000     161
-13.0000  -2.0000     162
-13.0000  -1.0000     165
-13.0000   0.0000     168
-13.0000   1.0000     193
-13.0000   2.0000     205
-13.0000   3.0000     203
-13.0000   4.0000     214
-13.0000   5.0000     242
-13.0000   6.0000     246
-13.0000   7.0000     246
-13.0000   8.0000     259
-13.0000   9.0000     259
-13.0000  10.0000     281
-13.0000  11.0000     287
-13.0000  12.0000     287
-13.0000  13.0000     314
-13.0000  14.0000     314
-13.0000  15.0000     314
-13.0000  16.0000     334
-13.0000  17.0000     334
-13.0000  18.0000     334
-12.0000 -18.0000     710
-12.0000 -17.0000     682
-12.0000 -16.0000     682
-12.0000 -15.0000     670
-12.0000 -14.0000     650
-12.0000 -13.0000     650
-12.0000 -12.0000     594
-12.0000 -11.0000     547
-12.0000 -10.0000     268
-12.0000  -9.0000     218
-12.0000  -8.0000     187
-12.0000  -7.0000     170
-12.0000  -6.0000     144
-12.0000  -5.0000     137
-12.0000  -4.0000     130
-12.0000  -3.0000     124
-12.0000  -2.0000     125
-12.0000  -1.0000     131
-12.0000   0.0000     142
-12.0000   1.0000     160
-12.0000   2.0000     171
-12.0000   3.0000     203
-12.0000   4.0000     214
-12.0000   5.0000     222
-12.0000   6.0000     246
-12.0000   7.0000     246
-12.0000   8.0000     259
-12.0000   9.0000     259
-12.0000  10.0000     281
-12.0000  11.0000     281
-12.0000  12.0000     281
-12.0000  13.0000     300
-12.0000  14.0000     300
-12.0000  15.0000     334
-12.0000  16.0000     334
-12.0000  17.0000     334
-12.0000  18.0000     334
-12.0000  19.0000     334
-11.0000 -19.0000     710
-11.0000 -18.0000     710
-11.0000 -17.0000     672
-11.0000 -16.0000     672
-11.0000 -15.0000     653
-11.0000 -14.0000     653
-11.0000 -13.0000     602
-11.0000 -12.0000     565
-11.0000 -11.0000     524
-11.0000 -10.0000     238
-11.0000  -9.0000     188
-11.0000  -8.0000     167
-11.0000  -7.0000     139
-11.0000  -6.0000     126
-11.0000  -5.0000     117
-11.0000  -4.0000     111
-11.0000  -3.0000     109
-11.0000  -2.0000     110
-11.0000  -1.0000     113
-11.0000   0.0000     119
-11.0000   1.0000     127
-11.0000   2.0000     156
-11.0000   3.0000     169
-11.0000   4.0000     194
-11.0000   5.0000     222
-11.0000   6.0000     228
-11.0000   7.0000     228
-11.0000   8.0000     247
-11.0000   9.0000     281
-11.0000  10.0000     281
-11.0000  11.0000     281
-11.0000  12.0000     300
-11.0000  13.0000     300
-11.0000  14.0000     300
-11.0000  15.0000     334
-11.0000  16.0000     334
-11.0000  17.0000     334
-11.0000  18.0000     334
-11.0000  19.0000     334
-10.0000 -19.0000     710
-10.0000 -18.0000     710
-10.0000 -17.0000     672
-10.0000 -16.0000     672
-10.0000 -15.0000     653
-10.0000 -14.0000     653
-10.0000 -13.0000     602
-10.0000 -12.0000     565
-10.0000 -11.0000     508
-10.0000 -10.0000     197
-10.0000  -9.0000     173
-10.0000  -8.0000     140
-10.0000  -7.0000     121
-10.0000  -6.0000     108
-10.0000  -5.0000      98
-10.0000  -4.0000      94
-10.0000  -3.0000      88
-10.0000  -2.0000      89
-10.0000  -1.0000      96
-10.0000   0.0000     103
-10.0000   1.0000     115
-10.0000   2.0000     122
-10.0000   3.0000     158
-10.0000   4.0000     194
-10.0000   5.0000     206
-10.0000   6.0000     228
-10.0000   7.0000     247
-10.0000   8.0000     247
-10.0000   9.0000     277
-10.0000  10.0000     277
-10.0000  11.0000     300
-10.0000  12.0000     300
-10.0000  13.0000     300
-10.0000  14.0000     300
-10.0000  15.0000     334
-10.0000  16.0000     334
-10.0000  17.0000     334
-10.0000  18.0000     334
-10.0000  19.0000     334
 -9.0000 -19.0000     710
 -9.0000 -18.0000     710
 -9.0000 -17.0000     672
 -9.0000 -16.0000     672
 -9.0000 -15.0000     641
 -9.0000 -14.0000     641
 -9.0000 -13.0000     589
 -9.0000 -12.0000     549
 -9.0000 -11.0000     500
 -9.0000 -10.0000     183
 -9.0000  -9.0000     145
 -9.0000  -8.0000     128
 -9.0000  -7.0000     107
 -9.0000  -6.0000      92
 -9.0000  -5.0000      84
 -9.0000  -4.0000      78
 -9.0000  -3.0000      73
 -9.0000  -2.0000      69
 -9.0000  -1.0000      75
 -9.0000   0.0000      79
 -9.0000   1.0000     100
 -9.0000   2.0000     116
 -9.0000   3.0000     129
 -9.0000   4.0000     163
 -9.0000   5.0000     206
 -9.0000   6.0000     223
 -9.0000   7.0000     243
 -9.0000   8.0000     260
 -9.0000   9.0000     277
 -9.0000  10.0000     277
 -9.0000  11.0000     277
 -9.0000  12.0000     300
 -9.0000  13.0000     300
 -9.0000  14.0000     315
 -9.0000  15.0000     315
 -9.0000  16.0000     334
 -9.0000  17.0000     334
 -9.0000  18.0000     334
 -9.0000  19.0000     346
 -8.0000 -21.0000     683
 -8.0000 -20.0000     710
 -8.0000 -19.0000     675
 -8.0000 -18.0000     675
 -8.0000 -17.0000     675
 -8.0000 -16.0000     675
 -8.0000 -15.0000     641
 -8.0000 -14.0000     641
 -8.0000 -13.0000     589
 -8.0000 -12.0000     539
 -8.0000 -11.0000     496
 -8.0000 -10.0000     177
 -8.0000  -9.0000     138
 -8.0000  -8.0000     112
 -8.0000  -7.0000      93
 -8.0000  -6.0000      82
 -8.0000  -5.0000      70
 -8.0000  -4.0000      66
 -8.0000  -3.0000      61
 -8.0000  -2.0000      60
 -8.0000  -1.0000      62
 -8.0000   0.0000      67
 -8.0000   1.0000      76
 -8.0000   2.0000     102
 -8.0000   3.0000     120
 -8.0000   4.0000     157
 -8.0000   5.0000     201
 -8.0000   6.0000     223
 -8.0000   7.0000     243
 -8.0000   8.0000     260
 -8.0000   9.0000     278
 -8.0000  10.0000     278
 -8.0000  11.0000     291
 -8.0000  12.0000     291
 -8.0000  13.0000     315
 -8.0000  14.0000     315
 -8.0000  15.0000     315
 -8.0000  16.0000     315
 -8.0000  17.0000     346
 -8.0000  18.0000     346
 -8.0000  19.0000     346
 -8.0000  20.0000     346
 -8.0000  21.0000     346
 -7.0000 -21.0000     683
 -7.0000 -20.0000     683
 -7.0000 -19.0000     675
 -7.0000 -18.0000     675
 -7.0000 -17.0000     675
 -7.0000 -16.0000     675
 -7.0000 -15.0000     606
 -7.0000 -14.0000     606
 -7.0000 -13.0000     584
 -7.0000 -12.0000     534
 -7.0000 -11.0000     493
 -7.0000 -10.0000     174
 -7.0000  -9.0000     134
 -7.0000  -8.0000      99
 -7.0000  -7.0000      85
 -7.0000  -6.0000      71
 -7.0000  -5.0000      63
 -7.0000  -4.0000      52
 -7.0000  -3.0000      47
 -7.0000  -2.0000      45
 -7.0000  -1.0000      50
 -7.0000   0.0000      55
 -7.0000   1.0000      64
 -7.0000   2.0000      77
 -7.0000   3.0000     114
 -7.0000   4.0000     149
 -7.0000   5.0000     199
 -7.0000   6.0000     221
 -7.0000   7.0000     244
 -7.0000   8.0000     244
 -7.0000   9.0000     278
 -7.0000  10.0000     278
 -7.0000  11.0000     291
 -7.0000  12.0000     291
 -7.0000  13.0000     315
 -7.0000  14.0000     315
 -7.0000  15.0000     326
 -7.0000  16.0000     326
 -7.0000  17.0000     346
 -7.0000  18.0000     346
 -7.0000  19.0000     346
 -7.0000  20.0000     346
 -7.0000  21.0000     346
 -6.0000 -22.0000     683
 -6.0000 -21.0000     683
 -6.0000 -20.0000     683
 -6.0000 -19.0000     683
 -6.0000 -18.0000     675
 -6.0000 -17.0000     675
 -6.0000 -16.0000     648
 -6.0000 -15.0000     606
 -6.0000 -14.0000     606
 -6.0000 -13.0000     584
 -6.0000 -12.0000     534
 -6.0000 -11.0000     492
 -6.0000 -10.0000     172
 -6.0000  -9.0000     132
 -6.0000  -8.0000      95
 -6.0000  -7.0000      80
 -6.0000  -6.0000      65
 -6.0000  -5.0000      49
 -6.0000  -4.0000      41
 -6.0000  -3.0000      36
 -6.0000  -2.0000      32
 -6.0000  -1.0000      33
 -6.0000   0.0000      37
 -6.0000   1.0000      54
 -6.0000   2.0000      68
 -6.0000   3.0000     106
 -6.0000   4.0000     146
 -6.0000   5.0000     198
 -6.0000   6.0000     224
 -6.0000   7.0000     245
 -6.0000   8.0000     263
 -6.0000   9.0000     263
 -6.0000  10.0000     294
 -6.0000  11.0000     294
 -6.0000  12.0000     313
 -6.0000  13.0000     313
 -6.0000  14.0000     326
 -6.0000  15.0000     326
 -6.0000  16.0000     326
 -6.0000  17.0000     346
 -6.0000  18.0000     346
 -6.0000  19.0000     346
 -6.0000  20.0000     346
 -6.0000  21.0000     346
 -6.0000  22.0000     346
 -5.0000 -22.0000     683
 -5.0000 -21.0000     683
 -5.0000 -20.0000     683
 -5.0000 -19.0000     683
 -5.0000 -18.0000     648
 -5.0000 -17.0000     648
 -5.0000 -16.0000     648
 -5.0000 -15.0000     648
 -5.0000 -14.0000     585
 -5.0000 -13.0000     536
 -5.0000 -12.0000     536
 -5.0000 -11.0000     495
 -5.0000 -10.0000     175
 -5.0000  -9.0000     133
 -5.0000  -8.0000      90
 -5.0000  -7.0000      74
 -5.0000  -6.0000      53
 -5.0000  -5.0000      42
 -5.0000  -4.0000      34
 -5.0000  -3.0000      29
 -5.0000  -2.0000      26
 -5.0000  -1.0000      27
 -5.0000   0.0000      30
 -5.0000   1.0000      35
 -5.0000   2.0000      58
 -5.0000   3.0000     104
 -5.0000   4.0000     148
 -5.0000   5.0000     200
 -5.0000   6.0000     225
 -5.0000   7.0000     249
 -5.0000   8.0000     274
 -5.0000   9.0000     274
 -5.0000  10.0000     294
 -5.0000  11.0000     294
 -5.0000  12.0000     313
 -5.0000  13.0000     313
 -5.0000  14.0000     326
 -5.0000  15.0000     326
 -5.0000  16.0000     342
 -5.0000  17.0000     342
 -5.0000  18.0000     346
 -5.0000  19.0000     346
 -5.0000  20.0000     346
 -5.0000  21.0000     346
 -5.0000  22.0000     346
 -4.0000 -23.0000     683
 -4.0000 -22.0000     683
 -4.0000 -21.0000     683
 -4.0000 -20.0000     683
 -4.0000 -19.0000     683
 -4.0000 -18.0000     649
 -4.0000 -17.0000     649
 -4.0000 -16.0000     648
 -4.0000 -15.0000     648
 -4.0000 -14.0000     585
 -4.0000 -13.0000     585
 -4.0000 -12.0000     499
 -4.0000 -11.0000     499
 -4.0000 -10.0000     181
 -4.0000  -9.0000     136
 -4.0000  -8.0000      91
 -4.0000  -7.0000      72
 -4.0000  -6.0000      48
 -4.0000  -5.0000      39
 -4.0000  -4.0000      28
 -4.0000  -3.0000      20
 -4.0000  -2.0000      16
 -4.0000  -1.0000      17
 -4.0000   0.0000      22
 -4.0000   1.0000      31
 -4.0000   2.0000      56
 -4.0000   3.0000     105
 -4.0000   4.0000     154
 -4.0000   5.0000     207
 -4.0000   6.0000     229
 -4.0000   7.0000     261
 -4.0000   8.0000     279
 -4.0000   9.0000     293
 -4.0000  10.0000     293
 -4.0000  11.0000     319
 -4.0000  12.0000     319
 -4.0000  13.0000     335
 -4.0000  14.0000     335
 -4.0000  15.0000     342
 -4.0000  16.0000     342
 -4.0000  17.0000     342
 -4.0000  18.0000     342
 -4.0000  19.0000     382
 -4.0000  20.0000     382
 -4.0000  21.0000     382
 -4.0000  22.0000     382
 -4.0000  23.0000     382
 -3.0000 -24.0000     683
 -3.0000 -23.0000     683
 -3.0000 -22.0000     683
 -3.0000 -21.0000     683
 -3.0000 -20.0000     683
 -3.0000 -19.0000     683
 -3.0000 -18.0000     649
 -3.0000 -17.0000     649
 -3.0000 -16.0000     649
 -3.0000 -15.0000     588
 -3.0000 -14.0000     588
 -3.0000 -13.0000     548
 -3.0000 -12.0000     548
 -3.0000 -11.0000     504
 -3.0000 -10.0000     185
 -3.0000  -9.0000     143
 -3.0000  -8.0000      97
 -3.0000  -7.0000      81
 -3.0000  -6.0000      46
 -3.0000  -5.0000      38
 -3.0000  -4.0000      21
 -3.0000  -3.0000      14
 -3.0000  -2.0000      11
 -3.0000  -1.0000       9
 -3.0000   0.0000      13
 -3.0000   1.0000      24
 -3.0000   2.0000      57
 -3.0000   3.0000     118
 -3.0000   4.0000     159
 -3.0000   5.0000     211
 -3.0000   6.0000     248
 -3.0000   7.0000     275
 -3.0000   8.0000     286
 -3.0000   9.0000     302
 -3.0000  10.0000     302
 -3.0000  11.0000     319
 -3.0000  12.0000     319
 -3.0000  13.0000     335
 -3.0000  14.0000     335
 -3.0000  15.0000     342
 -3.0000  16.0000     342
 -3.0000  17.0000     342
 -3.0000  18.0000     382
 -3.0000  19.0000     382
 -3.0000  20.0000     382
 -3.0000  21.0000     382
 -3.0000  22.0000     382
 -3.0000  23.0000     382
 -2.0000 -24.0000     671
 -2.0000 -23.0000     671
 -2.0000 -22.0000     671
 -2.0000 -21.0000     671
 -2.0000 -20.0000     671
 -2.0000 -19.0000     671
 -2.0000 -18.0000     649
 -2.0000 -17.0000     649
 -2.0000 -16.0000     649
 -2.0000 -15.0000     588
 -2.0000 -14.0000     588
 -2.0000 -13.0000     588
 -2.0000 -12.0000     518
 -2.0000 -11.0000     518
 -2.0000 -10.0000     481
 -2.0000  -9.0000     179
 -2.0000  -8.0000     135
 -2.0000  -7.0000      86
 -2.0000  -6.0000      51
 -2.0000  -5.0000      40
 -2.0000  -4.0000      18
 -2.0000  -3.0000      12
 -2.0000  -2.0000       7
 -2.0000  -1.0000       4
 -2.0000   0.0000       5
 -2.0000   1.0000      23
 -2.0000   2.0000      59
 -2.0000   3.0000     152
 -2.0000   4.0000     208
 -2.0000   5.0000     232
 -2.0000   6.0000     264
 -2.0000   7.0000     283
 -2.0000   8.0000     301
 -2.0000   9.0000     316
 -2.0000  10.0000     322
 -2.0000  11.0000     322
 -2.0000  12.0000     337
 -2.0000  13.0000     337
 -2.0000  14.0000     353
 -2.0000  15.0000     353
 -2.0000  16.0000     353
 -2.0000  17.0000     342
 -2.0000  18.0000     382
 -2.0000  19.0000     382
 -2.0000  20.0000     382
 -2.0000  21.0000     382
 -2.0000  22.0000     382
 -2.0000  23.0000     382
 -2.0000  24.0000     449
 -1.0000 -24.0000     671
 -1.0000 -23.0000     671
 -1.0000 -22.0000     671
 -1.0000 -21.0000     671
 -1.0000 -20.0000     671
 -1.0000 -19.0000     671
 -1.0000 -18.0000     649
 -1.0000 -17.0000     649
 -1.0000 -16.0000     636
 -1.0000 -15.0000     636
 -1.0000 -14.0000     636
 -1.0000 -13.0000     571
 -1.0000 -12.0000     525
 -1.0000 -11.0000     525
 -1.0000 -10.0000     491
 -1.0000  -9.0000     434
 -1.0000  -8.0000     176
 -1.0000  -7.0000     101
 -1.0000  -6.0000      83
 -1.0000  -5.0000      43
 -1.0000  -4.0000      19
 -1.0000  -3.0000      10
 -1.0000  -2.0000       6
 -1.0000  -1.0000       2
 -1.0000   0.0000       1
 -1.0000   1.0000      25
 -1.0000   2.0000     123
 -1.0000   3.0000     202
 -1.0000   4.0000     230
 -1.0000   5.0000     265
 -1.0000   6.0000     284
 -1.0000   7.0000     304
 -1.0000   8.0000     317
 -1.0000   9.0000     323
 -1.0000  10.0000     332
 -1.0000  11.0000     332
 -1.0000  12.0000     337
 -1.0000  13.0000     337
 -1.0000  14.0000     353
 -1.0000  15.0000     353
 -1.0000  16.0000     353
 -1.0000  17.0000     378
 -1.0000  18.0000     382
 -1.0000  19.0000     382
 -1.0000  20.0000     382
 -1.0000  21.0000     382
 -1.0000  22.0000     449
 -1.0000  23.0000     449
 -1.0000  24.0000     449
  0.0000 -24.0000     671
  0.0000 -23.0000     671
  0.0000 -22.0000     671
  0.0000 -21.0000     671
  0.0000 -20.0000     671
  0.0000 -19.0000     671
  0.0000 -18.0000     671
  0.0000 -17.0000     644
  0.0000 -16.0000     644
  0.0000 -15.0000     636
  0.0000 -14.0000     636
  0.0000 -13.0000     571
  0.0000 -12.0000     571
  0.0000 -11.0000     501
  0.0000 -10.0000     501
  0.0000  -9.0000     474
  0.0000  -8.0000     423
  0.0000  -7.0000     178
  0.0000  -6.0000     141
  0.0000  -5.0000      87
  0.0000  -4.0000      44
  0.0000  -3.0000      15
  0.0000  -2.0000       8
  0.0000  -1.0000       3
  0.0000   0.0000       0
  0.0000   1.0000     153
  0.0000   2.0000     209
  0.0000   3.0000     233
  0.0000   4.0000     280
  0.0000   5.0000     303
  0.0000   6.0000     310
  0.0000   7.0000     320
  0.0000   8.0000     325
  0.0000   9.0000     336
  0.0000  10.0000     340
  0.0000  11.0000     340
  0.0000  12.0000     354
  0.0000  13.0000     354
  0.0000  14.0000     378
  0.0000  15.0000     378
  0.0000  16.0000     378
  0.0000  17.0000     414
  0.0000  18.0000     414
  0.0000  19.0000     382
  0.0000  20.0000     449
  0.0000  21.0000     449
  0.0000  22.0000     449
  0.0000  23.0000     449
  0.0000  24.0000     449
  1.0000 -23.0000     671
  1.0000 -22.0000     671
  1.0000 -21.0000     671
  1.0000 -20.0000     671
  1.0000 -19.0000     671
  1.0000 -18.0000     644
  1.0000 -17.0000     644
  1.0000 -16.0000     644
  1.0000 -15.0000     644
  1.0000 -14.0000     586
  1.0000 -13.0000     586
  1.0000 -12.0000     586
  1.0000 -11.0000     520
  1.0000 -10.0000     520
  1.0000  -9.0000     486
  1.0000  -8.0000     445
  1.0000  -7.0000     411
  1.0000  -6.0000     186
  1.0000  -5.0000     180
  1.0000  -4.0000     151
  1.0000  -3.0000     147
  1.0000  -2.0000     150
  1.0000  -1.0000     155
  1.0000   0.0000     184
  1.0000   1.0000     231
  1.0000   2.0000     285
  1.0000   3.0000     309
  1.0000   4.0000     318
  1.0000   5.0000     321
  1.0000   6.0000     324
  1.0000   7.0000     331
  1.0000   8.0000     338
  1.0000   9.0000     343
  1.0000  10.0000     347
  1.0000  11.0000     347
  1.0000  12.0000     354
  1.0000  13.0000     354
  1.0000  14.0000     378
  1.0000  15.0000     378
  1.0000  16.0000     414
  1.0000  17.0000     414
  1.0000  18.0000     414
  1.0000  19.0000     449
  1.0000  20.0000     449
  1.0000  21.0000     449
  1.0000  22.0000     449
  1.0000  23.0000     449
  1.0000  24.0000     449
  2.0000 -22.0000     671
  2.0000 -21.0000     684
  2.0000 -20.0000     684
  2.0000 -19.0000     684
  2.0000 -18.0000     684
  2.0000 -17.0000     644
  2.0000 -16.0000     644
  2.0000 -15.0000     639
  2.0000 -14.0000     639
  2.0000 -13.0000     586
  2.0000 -12.0000     582
  2.0000 -11.0000     533
  2.0000 -10.0000     533
  2.0000  -9.0000     502
  2.0000  -8.0000     477
  2.0000  -7.0000     435
  2.0000  -6.0000     410
  2.0000  -5.0000     395
  2.0000  -4.0000     374
  2.0000  -3.0000     362
  2.0000  -2.0000     357
  2.0000  -1.0000     345
  2.0000   0.0000     330
  2.0000   1.0000     328
  2.0000   2.0000     327
  2.0000   3.0000     329
  2.0000   4.0000     333
  2.0000   5.0000     339
  2.0000   6.0000     341
  2.0000   7.0000     344
  2.0000   8.0000     348
  2.0000   9.0000     355
  2.0000  10.0000     361
  2.0000  11.0000     370
  2.0000  12.0000     370
  2.0000  13.0000     379
  2.0000  14.0000     379
  2.0000  15.0000     414
  2.0000  16.0000     414
  2.0000  17.0000     414
  2.0000  18.0000     414
  2.0000  19.0000     449
  2.0000  20.0000     449
  2.0000  21.0000     449
  2.0000  22.0000     449
  2.0000  23.0000     449
  2.0000  24.0000     449
  3.0000 -22.0000     684
  3.0000 -21.0000     684
  3.0000 -20.0000     684
  3.0000 -19.0000     684
  3.0000 -18.0000     684
  3.0000 -17.0000     684
  3.0000 -16.0000     639
  3.0000 -15.0000     639
  3.0000 -14.0000     639
  3.0000 -13.0000     639
  3.0000 -12.0000     582
  3.0000 -11.0000     582
  3.0000 -10.0000     522
  3.0000  -9.0000     522
  3.0000  -8.0000     494
  3.0000  -7.0000     467
  3.0000  -6.0000     433
  3.0000  -5.0000     412
  3.0000  -4.0000     398
  3.0000  -3.0000     381
  3.0000  -2.0000     371
  3.0000  -1.0000     364
  3.0000   0.0000     360
  3.0000   1.0000     358
  3.0000   2.0000     351
  3.0000   3.0000     349
  3.0000   4.0000     350
  3.0000   5.0000     352
  3.0000   6.0000     356
  3.0000   7.0000     359
  3.0000   8.0000     363
  3.0000   9.0000     369
  3.0000  10.0000     377
  3.0000  11.0000     383
  3.0000  12.0000     383
  3.0000  13.0000     379
  3.0000  14.0000     416
  3.0000  15.0000     416
  3.0000  16.0000     414
  3.0000  17.0000     414
  3.0000  18.0000     414
  3.0000  19.0000     455
  3.0000  20.0000     449
  3.0000  21.0000     449
  3.0000  22.0000     449
  3.0000  23.0000     449
  4.0000 -22.0000     684
  4.0000 -21.0000     684
  4.0000 -20.0000     684
  4.0000 -19.0000     684
  4.0000 -18.0000     684
  4.0000 -17.0000     684
  4.0000 -16.0000     645
  4.0000 -15.0000     645
  4.0000 -14.0000     645
  4.0000 -13.0000     645
  4.0000 -12.0000     593
  4.0000 -11.0000     593
  4.0000 -10.0000     541
  4.0000  -9.0000     541
  4.0000  -8.0000     517
  4.0000  -7.0000     487
  4.0000  -6.0000     464
  4.0000  -5.0000     436
  4.0000  -4.0000     422
  4.0000  -3.0000     403
  4.0000  -2.0000     396
  4.0000  -1.0000     387
  4.0000   0.0000     376
  4.0000   1.0000     373
  4.0000   2.0000     368
  4.0000   3.0000     366
  4.0000   4.0000     365
  4.0000   5.0000     367
  4.0000   6.0000     372
  4.0000   7.0000     375
  4.0000   8.0000     380
  4.0000   9.0000     384
  4.0000  10.0000     390
  4.0000  11.0000     397
  4.0000  12.0000     397
  4.0000  13.0000     419
  4.0000  14.0000     416
  4.0000  15.0000     416
  4.0000  16.0000     416
  4.0000  17.0000     455
  4.0000  18.0000     455
  4.0000  19.0000     455
  4.0000  20.0000     455
  4.0000  21.0000     449
  4.0000  22.0000     449
  4.0000  23.0000     449
  5.0000 -21.0000     684
  5.0000 -20.0000     684
  5.0000 -19.0000     684
  5.0000 -18.0000     684
  5.0000 -17.0000     696
  5.0000 -16.0000     645
  5.0000 -15.0000     645
  5.0000 -14.0000     645
  5.0000 -13.0000     645
  5.0000 -12.0000     593
  5.0000 -11.0000     593
  5.0000 -10.0000     563
  5.0000  -9.0000     563
  5.0000  -8.0000     535
  5.0000  -7.0000     513
  5.0000  -6.0000     485
  5.0000  -5.0000     465
  5.0000  -4.0000     444
  5.0000  -3.0000     427
  5.0000  -2.0000     418
  5.0000  -1.0000     404
  5.0000   0.0000     399
  5.0000   1.0000     393
  5.0000   2.0000     391
  5.0000   3.0000     388
  5.0000   4.0000     385
  5.0000   5.0000     386
  5.0000   6.0000     389
  5.0000   7.0000     392
  5.0000   8.0000     394
  5.0000   9.0000     400
  5.0000  10.0000     407
  5.0000  11.0000     417
  5.0000  12.0000     417
  5.0000  13.0000     419
  5.0000  14.0000     419
  5.0000  15.0000     456
  5.0000  16.0000     456
  5.0000  17.0000     455
  5.0000  18.0000     455
  5.0000  19.0000     455
  5.0000  20.0000     455
  5.0000  21.0000     455
  6.0000 -20.0000     696
  6.0000 -19.0000     696
  6.0000 -18.0000     696
  6.0000 -17.0000     696
  6.0000 -16.0000     662
  6.0000 -15.0000     662
  6.0000 -14.0000     662
  6.0000 -13.0000     662
  6.0000 -12.0000     625
  6.0000 -11.0000     625
  6.0000 -10.0000     597
  6.0000  -9.0000     560
  6.0000  -8.0000     560
  6.0000  -7.0000     532
  6.0000  -6.0000     514
  6.0000  -5.0000     488
  6.0000  -4.0000     473
  6.0000  -3.0000     460
  6.0000  -2.0000     441
  6.0000  -1.0000     429
  6.0000   0.0000     421
  6.0000   1.0000     413
  6.0000   2.0000     408
  6.0000   3.0000     405
  6.0000   4.0000     401
  6.0000   5.0000     402
  6.0000   6.0000     406
  6.0000   7.0000     409
  6.0000   8.0000     415
  6.0000   9.0000     420
  6.0000  10.0000     424
  6.0000  11.0000     437
  6.0000  12.0000     437
  6.0000  13.0000     450
  6.0000  14.0000     450
  6.0000  15.0000     456
  6.0000  16.0000     456
  6.0000  17.0000     455
  6.0000  18.0000     455
  6.0000  19.0000     455
  6.0000  20.0000     455
  6.0000  21.0000     455
  7.0000 -20.0000     696
  7.0000 -19.0000     696
  7.0000 -18.0000     696
  7.0000 -17.0000     696
  7.0000 -16.0000     696
  7.0000 -15.0000     662
  7.0000 -14.0000     662
  7.0000 -13.0000     662
  7.0000 -12.0000     625
  7.0000 -11.0000     625
  7.0000 -10.0000     597
  7.0000  -9.0000     597
  7.0000  -8.0000     559
  7.0000  -7.0000     559
  7.0000  -6.0000     537
  7.0000  -5.0000     519
  7.0000  -4.0000     497
  7.0000  -3.0000     479
  7.0000  -2.0000     463
  7.0000  -1.0000     458
  7.0000   0.0000     442
  7.0000   1.0000     439
  7.0000   2.0000     432
  7.0000   3.0000     430
  7.0000   4.0000     426
  7.0000   5.0000     425
  7.0000   6.0000     428
  7.0000   7.0000     431
  7.0000   8.0000     438
  7.0000   9.0000     440
  7.0000  10.0000     443
  7.0000  11.0000     452
  7.0000  12.0000     452
  7.0000  13.0000     450
  7.0000  14.0000     450
  7.0000  15.0000     456
  7.0000  16.0000     456
  7.0000  17.0000     557
  7.0000  18.0000     557
  7.0000  19.0000     557
  7.0000  20.0000     557
  7.0000  21.0000     557
  8.0000 -20.0000     696
  8.0000 -19.0000     696
  8.0000 -18.0000     696
  8.0000 -17.0000     696
  8.0000 -16.0000     680
  8.0000 -15.0000     680
  8.0000 -14.0000     680
  8.0000 -13.0000     652
  8.0000 -12.0000     652
  8.0000 -11.0000     652
  8.0000 -10.0000     638
  8.0000  -9.0000     596
  8.0000  -8.0000     596
  8.0000  -7.0000     562
  8.0000  -6.0000     562
  8.0000  -5.0000     544
  8.0000  -4.0000     526
  8.0000  -3.0000     507
  8.0000  -2.0000     490
  8.0000  -1.0000     478
  8.0000   0.0000     466
  8.0000   1.0000     461
  8.0000   2.0000     457
  8.0000   3.0000     453
  8.0000   4.0000     447
  8.0000   5.0000     446
  8.0000   6.0000     448
  8.0000   7.0000     451
  8.0000   8.0000     454
  8.0000   9.0000     459
  8.0000  10.0000     462
  8.0000  11.0000     470
  8.0000  12.0000     483
  8.0000  13.0000     483
  8.0000  14.0000     530
  8.0000  15.0000     530
  8.0000  16.0000     530
  8.0000  17.0000     557
  8.0000  18.0000     557
  8.0000  19.0000     557
  8.0000  20.0000     557
  9.0000 -19.0000     696
  9.0000 -18.0000     696
  9.0000 -17.0000     696
  9.0000 -16.0000     680
  9.0000 -15.0000     680
  9.0000 -14.0000     680
  9.0000 -13.0000     652
  9.0000 -12.0000     652
  9.0000 -11.0000     652
  9.0000 -10.0000     638
  9.0000  -9.0000     638
  9.0000  -8.0000     600
  9.0000  -7.0000     600
  9.0000  -6.0000     566
  9.0000  -5.0000     566
  9.0000  -4.0000     553
  9.0000  -3.0000     538
  9.0000  -2.0000     523
  9.0000  -1.0000     511
  9.0000   0.0000     498
  9.0000   1.0000     484
  9.0000   2.0000     480
  9.0000   3.0000     475
  9.0000   4.0000     471
  9.0000   5.0000     468
  9.0000   6.0000     469
  9.0000   7.0000     472
  9.0000   8.0000     476
  9.0000   9.0000     482
  9.0000  10.0000     489
  9.0000  11.0000     512
  9.0000  12.0000     528
  9.0000  13.0000     528
  9.0000  14.0000     530
  9.0000  15.0000     530
  9.0000  16.0000     530
  9.0000  17.0000     557
  9.0000  18.0000     557
  9.0000  19.0000     557
 10.0000 -18.0000     696
 10.0000 -17.0000     680
 10.0000 -16.0000     680
 10.0000 -15.0000     680
 10.0000 -14.0000     680
 10.0000 -13.0000     677
 10.0000 -12.0000     677
 10.0000 -11.0000     677
 10.0000 -10.0000     638
 10.0000  -9.0000     651
 10.0000  -8.0000     621
 10.0000  -7.0000     621
 10.0000  -6.0000     592
 10.0000  -5.0000     592
 10.0000  -4.0000     576
 10.0000  -3.0000     564
 10.0000  -2.0000     554
 10.0000  -1.0000     540
 10.0000   0.0000     529
 10.0000   1.0000     521
 10.0000   2.0000     515
 10.0000   3.0000     509
 10.0000   4.0000     506
 10.0000   5.0000     503
 10.0000   6.0000     505
 10.0000   7.0000     510
 10.0000   8.0000     516
 10.0000   9.0000     527
 10.0000  10.0000     531
 10.0000  11.0000     552
 10.0000  12.0000     552
 10.0000  13.0000     579
 10.0000  14.0000     579
 10.0000  15.0000     530
 10.0000  16.0000     624
 10.0000  17.0000     624
 10.0000  18.0000     624
 10.0000  19.0000     557
 11.0000 -17.0000     701
 11.0000 -16.0000     701
 11.0000 -15.0000     701
 11.0000 -14.0000     701
 11.0000 -13.0000     677
 11.0000 -12.0000     677
 11.0000 -11.0000     677
 11.0000 -10.0000     651
 11.0000  -9.0000     651
 11.0000  -8.0000     621
 11.0000  -7.0000     621
 11.0000  -6.0000     616
 11.0000  -5.0000     616
 11.0000  -4.0000     601
 11.0000  -3.0000     591
 11.0000  -2.0000     578
 11.0000  -1.0000     567
 11.0000   0.0000     561
 11.0000   1.0000     556
 11.0000   2.0000     551
 11.0000   3.0000     546
 11.0000   4.0000     543
 11.0000   5.0000     542
 11.0000   6.0000     545
 11.0000   7.0000     550
 11.0000   8.0000     555
 11.0000   9.0000     558
 11.0000  10.0000     568
 11.0000  11.0000     580
 11.0000  12.0000     609
 11.0000  13.0000     579
 11.0000  14.0000     579
 11.0000  15.0000     624
 11.0000  16.0000     624
 11.0000  17.0000     624
 11.0000  18.0000     624
 12.0000 -17.0000     701
 12.0000 -16.0000     701
 12.0000 -15.0000     701
 12.0000 -14.0000     701
 12.0000 -13.0000     677
 12.0000 -12.0000     686
 12.0000 -11.0000     686
 12.0000 -10.0000     686
 12.0000  -9.0000     651
 12.0000  -8.0000     642
 12.0000  -7.0000     642
 12.0000  -6.0000     637
 12.0000  -5.0000     637
 12.0000  -4.0000     617
 12.0000  -3.0000     617
 12.0000  -2.0000     605
 12.0000  -1.0000     598
 12.0000   0.0000     590
 12.0000   1.0000     581
 12.0000   2.0000     575
 12.0000   3.0000     572
 12.0000   4.0000     569
 12.0000   5.0000     570
 12.0000   6.0000     573
 12.0000   7.0000     577
 12.0000   8.0000     583
 12.0000   9.0000     599
 12.0000  10.0000     612
 12.0000  11.0000     619
 12.0000  12.0000     609
 12.0000  13.0000     631
 12.0000  14.0000     631
 12.0000  15.0000     631
 12.0000  16.0000     624
 12.0000  17.0000     624
 12.0000  18.0000     624
 13.0000 -17.0000     701
 13.0000 -16.0000     701
 13.0000 -15.0000     701
 13.0000 -14.0000     701
 13.0000 -13.0000     701
 13.0000 -12.0000     686
 13.0000 -11.0000     686
 13.0000 -10.0000     686
 13.0000  -9.0000     685
 13.0000  -8.0000     685
 13.0000  -7.0000     642
 13.0000  -6.0000     637
 13.0000  -5.0000     647
 13.0000  -4.0000     647
 13.0000  -3.0000     627
 13.0000  -2.0000     627
 13.0000  -1.0000     622
 13.0000   0.0000     618
 13.0000   1.0000     614
 13.0000   2.0000     611
 13.0000   3.0000     608
 13.0000   4.0000     607
 13.0000   5.0000     610
 13.0000   6.0000     613
 13.0000   7.0000     615
 13.0000   8.0000     620
 13.0000   9.0000     623
 13.0000  10.0000     630
 13.0000  11.0000     619
 13.0000  12.0000     664
 13.0000  13.0000     664
 13.0000  14.0000     631
 13.0000  15.0000     631
 13.0000  16.0000     624
 13.0000  17.0000     624
 14.0000 -16.0000     701
 14.0000 -15.0000     701
 14.0000 -14.0000     701
 14.0000 -13.0000     709
 14.0000 -12.0000     709
 14.0000 -11.0000     709
 14.0000 -10.0000     685
 14.0000  -9.0000     685
 14.0000  -8.0000     685
 14.0000  -7.0000     691
 14.0000  -6.0000     676
 14.0000  -5.0000     676
 14.0000  -4.0000     657
 14.0000  -3.0000     657
 14.0000  -2.0000     646
 14.0000  -1.0000     646
 14.0000   0.0000     640
 14.0000   1.0000     634
 14.0000   2.0000     632
 14.0000   3.0000     628
 14.0000   4.0000     626
 14.0000   5.0000     629
 14.0000   6.0000     633
 14.0000   7.0000     635
 14.0000   8.0000     643
 14.0000   9.0000     655
 14.0000  10.0000     665
 14.0000  11.0000     697
 14.0000  12.0000     697
 14.0000  13.0000     664
 14.0000  14.0000     718
 14.0000  15.0000     718
 14.0000  16.0000     718
 15.0000 -15.0000     701
 15.0000 -14.0000     709
 15.0000 -13.0000     709
 15.0000 -12.0000     709
 15.0000 -11.0000     709
 15.0000 -10.0000     711
 15.0000  -9.0000     711
 15.0000  -8.0000     691
 15.0000  -7.0000     691
 15.0000  -6.0000     676
 15.0000  -5.0000     676
 15.0000  -4.0000     657
 15.0000  -3.0000     681
 15.0000  -2.0000     666
 15.0000  -1.0000     666
 15.0000   0.0000     661
 15.0000   1.0000     661
 15.0000   2.0000     659
 15.0000   3.0000     656
 15.0000   4.0000     658
 15.0000   5.0000     660
 15.0000   6.0000     663
 15.0000   7.0000     667
 15.0000   8.0000     689
 15.0000   9.0000     698
 15.0000  10.0000     706
 15.0000  11.0000     706
 15.0000  12.0000     720
 15.0000  13.0000     720
 15.0000  14.0000     718
 15.0000  15.0000     718
 15.0000  16.0000     718
 16.0000 -15.0000     701
 16.0000 -14.0000     709
 16.0000 -13.0000     709
 16.0000 -12.0000     709
 16.0000 -11.0000     709
 16.0000 -10.0000     711
 16.0000  -9.0000     711
 16.0000  -8.0000     711
 16.0000  -7.0000     691
 16.0000  -6.0000     693
 16.0000  -5.0000     693
 16.0000  -4.0000     681
 16.0000  -3.0000     681
 16.0000  -2.0000     695
 16.0000  -1.0000     690
 16.0000   0.0000     690
 16.0000   1.0000     687
 16.0000   2.0000     687
 16.0000   3.0000     688
 16.0000   4.0000     692
 16.0000   5.0000     694
 16.0000   6.0000     694
 16.0000   7.0000     702
 16.0000   8.0000     708
 16.0000   9.0000     714
 16.0000  10.0000     714
 16.0000  11.0000     722
 16.0000  12.0000     720
 16.0000  13.0000     731
 16.0000  14.0000     731
 16.0000  15.0000     731
 17.0000 -15.0000     730
 17.0000 -14.0000     730
 17.0000 -13.0000     730
 17.0000 -12.0000     730
 17.0000 -11.0000     730
 17.0000 -10.0000     711
 17.0000  -9.0000     711
 17.0000  -8.0000     711
 17.0000  -7.0000     716
 17.0000  -6.0000     693
 17.0000  -5.0000     693
 17.0000  -4.0000     681
 17.0000  -3.0000     695
 17.0000  -2.0000     695
 17.0000  -1.0000     705
 17.0000   0.0000     703
 17.0000   1.0000     703
 17.0000   2.0000     704
 17.0000   3.0000     704
 17.0000   4.0000     707
 17.0000   5.0000     707
 17.0000   6.0000     713
 17.0000   7.0000     713
 17.0000   8.0000     719
 17.0000   9.0000     719
 17.0000  10.0000     726
 17.0000  11.0000     722
 17.0000  12.0000     722
 17.0000  13.0000     731
 17.0000  14.0000     731
 18.0000 -14.0000     730
 18.0000 -13.0000     730
 18.0000 -12.0000     730
 18.0000 -11.0000     730
 18.0000 -10.0000     730
 18.0000  -9.0000     711
 18.0000  -8.0000     716
 18.0000  -7.0000     716
 18.0000  -6.0000     716
 18.0000  -5.0000     712
 18.0000  -4.0000     712
 18.0000  -3.0000     695
 18.0000  -2.0000     705
 18.0000  -1.0000     705
 18.0000   0.0000     703
 18.0000   1.0000     715
 18.0000   2.0000     704
 18.0000   3.0000     717
 18.0000   4.0000     717
 18.0000   5.0000     721
 18.0000   6.0000     721
 18.0000   7.0000     724
 18.0000   8.0000     724
 18.0000   9.0000     726
 18.0000  10.0000     726
 18.0000  11.0000     733
 18.0000  12.0000     733
 18.0000  13.0000     733
 19.0000 -13.0000     730
 19.0000 -12.0000     730
 19.0000 -11.0000     730
 19.0000 -10.0000     730
 19.0000  -9.0000     716
 19.0000  -8.0000     716
 19.0000  -7.0000     716
 19.0000  -6.0000     716
 19.0000  -5.0000     712
 19.0000  -4.0000     712
 19.0000  -3.0000     712
 19.0000  -2.0000     705
 19.0000  -1.0000     705
 19.0000   0.0000     715
 19.0000   1.0000     715
 19.0000   2.0000     715
 19.0000   3.0000     717
 19.0000   4.0000     717
 19.0000   5.0000     721
 19.0000   6.0000     729
 19.0000   7.0000     729
 19.0000   8.0000     732
 19.0000   9.0000     732
 19.0000  10.0000     726
 19.0000  11.0000     733
 19.0000  12.0000     733
 19.0000  13.0000     733
 20.0000 -11.0000     730
 20.0000 -10.0000     730
 20.0000  -9.0000     716
 20.0000  -8.0000     716
 20.0000  -7.0000     716
 20.0000  -6.0000     712
 20.0000  -5.0000     712
 20.0000  -4.0000     712
 20.0000  -3.0000     712
 20.0000  -2.0000     723
 20.0000  -1.0000     723
 20.0000   0.0000     723
 20.0000   1.0000     715
 20.0000   2.0000     715
 20.0000   3.0000     725
 20.0000   4.0000     725
 20.0000   5.0000     725
 20.0000   6.0000     729
 20.0000   7.0000     729
 20.0000   8.0000     732
 20.0000   9.0000     732
 20.0000  10.0000     734
 20.0000  11.0000     734
 20.0000  12.0000     733
 20.0000  13.0000     733
 21.0000  -5.0000     712
 21.0000  -1.0000     723
 21.0000   0.0000     723
 21.0000   1.0000     723
 21.0000   4.0000     725
 21.0000   5.0000     725
 21.0000   6.0000     729
 21.0000   9.0000     734
 21.0000  10.0000     734
 21.0000  11.0000     734
 21.0000  12.0000     734
