# v        v_err    sigma    sigma_err
 -31.628    1.556  138.559    1.598
 -43.530    1.749  138.528    1.804
 -40.067    1.738  131.844    1.845
 -30.378    1.592  140.751    1.645
 -49.938    1.921  133.371    2.023
 -54.280    1.934  141.653    1.984
 -38.604    1.948  127.791    1.950
 -49.021    2.079  136.137    2.111
 -25.311    1.728  133.106    1.828
 -62.286    1.974  138.151    2.012
 -38.771    2.055  124.570    2.090
 -63.380    2.084  129.485    2.130
 -49.063    2.132  125.898    2.340
 -60.903    1.962  137.185    2.020
 -61.991    2.148  124.198    2.367
 -28.119    1.796  126.892    1.842
 -69.418    2.168  129.117    2.210
 -65.078    2.009  129.392    2.158
 -49.338    2.252  123.536    2.268
 -39.011    2.104  128.457    2.288
 -66.297    2.390  133.242    2.601
 -60.119    2.343  128.007    2.494
 -70.530    1.978  134.422    2.060
 -54.128    1.637  136.535    1.718
 -58.947    1.732  138.159    1.804
 -45.288    1.652  138.013    1.710
 -82.641    2.164  122.898    2.232
 -80.172    2.086  121.656    2.110
 -65.602    2.517  131.688    2.766
 -76.566    2.238  121.629    2.516
 -76.547    2.104  128.756    2.316
 -69.833    1.768  127.910    1.842
 -89.909    2.433  119.689    2.700
 -92.645    2.304  118.413    2.463
 -74.437    2.489  122.542    2.818
 -80.861    2.009  127.021    2.049
 -91.198    2.425  120.064    2.777
 -95.525    2.154  118.825    2.142
 -55.945    2.653  113.240    3.028
 -63.914    2.867  119.711    3.227
 -42.069    2.651  124.725    2.969
 -84.961    2.965  121.343    3.320
 -68.594    2.964  118.565    3.364
 -37.969    2.242  121.316    2.509
 -31.325    1.963  135.525    2.128
 -97.828    2.505  115.509    2.850
 -53.607    2.889  107.916    3.251
-100.737    2.686  122.086    2.997
 -64.237    3.312  125.021    3.674
 -79.253    3.221  121.468    3.502
-102.162    2.272  115.198    2.442
 -46.317    3.001  125.841    3.359
 -95.110    3.360  117.324    3.755
 -68.263    3.517  124.802    3.939
 -90.241    2.323  124.524    2.334
-106.578    2.168  113.012    2.358
 -74.021    1.825  135.190    1.896
 -62.454    1.860  137.244    1.942
 -82.704    1.894  133.601    2.042
 -51.328    1.729  129.580    1.872
-104.935    2.500  102.586    2.867
-104.811    2.692  109.210    3.091
-110.646    2.245   96.843    2.548
 -89.357    3.626  123.328    3.943
-103.791    2.380  122.648    2.563
 -75.479    3.374  119.742    3.807
-103.449    3.379  108.229    3.763
-113.510    2.184  104.933    2.501
 -89.405    1.969  129.528    2.142
-109.668    2.787  115.858    3.036
 -95.807    3.374  104.150    3.756
 -84.377    4.113  122.853    4.509
 -57.163    3.740  123.222    4.025
-104.908    3.064   97.885    3.492
 -66.521    4.004  102.043    4.533
-121.049    2.489  101.846    2.820
-117.092    2.382  107.907    2.648
 -97.417    2.048  116.203    2.145
 -99.188    3.515   94.021    3.923
-124.466    2.373  103.288    2.652
 -67.314    3.905  107.247    4.435
 -56.685    3.500  116.033    3.891
 -87.447    3.894  104.917    4.394
 -32.714    2.573  125.446    2.890
-104.734    3.598  108.298    3.991
 -71.428    3.735   97.417    4.263
 -41.400    3.424  124.405    3.833
 -26.171    2.052  122.320    2.319
-117.228    3.206  114.439    3.512
-122.898    2.865   97.984    3.326
 -64.323    4.112  111.996    4.543
 -55.297    4.405  123.814    4.850
-101.040    3.804   97.190    4.333
 -79.930    4.058  117.489    4.560
-109.876    3.756   95.178    4.337
 -57.752    4.139  103.921    4.722
-123.310    2.629   93.214    3.054
 -49.632    4.028  114.233    4.573
-105.799    3.985  118.031    4.324
 -71.694    4.100  101.197    4.698
-126.251    2.506  103.280    2.884
 -29.874    2.920  116.462    3.267
-112.290    2.216  112.438    2.344
-125.579    2.505   97.471    2.863
 -80.853    1.860  121.659    1.933
 -71.394    1.701  130.227    1.758
 -84.256    1.933  123.788    1.974
 -88.592    4.051  112.442    4.485
 -89.179    4.449  128.134    4.917
-125.463    3.796  100.294    4.230
-124.551    3.398  101.640    3.941
-123.814    3.536   99.778    3.895
 -72.446    4.352  107.912    4.982
-129.095    3.021   88.762    3.546
 -95.565    2.051  121.741    2.116
-122.553    2.611   80.951    2.971
-121.943    2.328  108.372    2.417
-100.790    4.043   91.067    4.558
 -62.726    1.743  130.134    1.874
-134.796    2.560   79.456    3.055
-106.393    2.204  119.548    2.457
 -88.192    4.062   93.778    4.711
-133.347    2.584  102.593    3.005
 -45.250    1.805  138.390    1.949
-132.350    3.757   97.739    4.268
-137.384    3.202   87.858    3.842
-105.161    4.706  128.832    5.205
-134.593    2.724  100.277    3.165
 -75.820    4.343  105.532    4.988
-120.520    2.209  112.490    2.352
-117.801    3.516   83.570    4.048
-140.845    2.974   80.657    3.572
 -61.354    4.586  103.637    5.227
 -56.054    4.414  116.699    4.943
 -62.984    4.403   99.299    5.105
 -31.924    3.729  117.581    3.996
 -53.961    4.508  124.074    5.086
-113.734    4.608  124.884    5.077
 -77.346    4.592   98.804    5.295
 -92.287    4.587   94.912    5.365
 -72.288    4.293   92.549    4.866
 -22.190    2.361  116.093    2.725
-140.070    2.634   69.316    3.220
 -36.242    4.690  126.654    5.301
-110.413    4.126   92.048    4.857
 -82.264    4.816   93.958    5.589
 -86.863    2.097  128.957    2.271
 -21.593    1.898  130.715    2.052
 -78.198    2.014  126.162    2.116
 -95.598    2.091  123.941    2.291
 -23.719    1.790  135.250    1.843
 -19.034    2.114  132.863    2.307
 -55.464    1.738  136.353    1.807
 -35.596    1.568  137.013    1.609
 -70.778    1.840  131.008    1.888
 -22.214    1.552  133.036    1.657
-142.151    2.700   91.935    3.111
-104.094    2.233  116.613    2.261
-122.125    2.326   99.017    2.669
 -61.434    1.856  133.257    1.929
-146.733    2.809   81.511    3.380
-130.500    3.837   86.085    4.514
-138.111    3.374   83.130    4.102
-112.718    2.334  116.920    2.413
-125.672    3.508   74.909    4.254
-143.108    3.289   80.136    4.015
-122.361    3.664   75.569    4.469
 -79.026    5.009  106.378    5.704
-144.594    3.123   87.854    3.691
-131.760    2.453   92.510    2.906
-103.045    4.450   92.712    5.211
-151.397    2.737   83.348    3.120
 -55.730    5.058  121.168    5.663
 -88.489    4.534   89.960    5.244
 -67.790    4.604   94.513    5.345
 -63.346    4.585  119.579    5.132
 -27.642    2.964   97.151    3.390
 -74.428    5.082  108.619    5.676
 -27.093    3.188  132.339    3.587
 -27.910    4.084  118.805    4.401
 -13.306    2.208  124.219    2.473
 -46.744    4.602  121.645    5.140
-117.739    4.155  101.463    4.912
 -94.288    4.818  114.157    5.347
 -22.057    1.498  136.367    1.550
 -29.539    5.103  134.822    5.521
 -16.462    2.456  124.792    2.799
-103.358    5.014  103.639    5.802
 -98.485    5.251   98.164    5.899
-133.118    3.656   69.330    4.466
-122.095    3.719   76.296    4.462
-136.804    3.428   76.994    4.213
-111.902    4.252   85.544    4.977
-144.605    3.248   91.741    3.827
 -78.752    4.932  100.103    5.233
-134.175    3.990   81.197    4.767
-138.829    3.781   89.465    4.548
-120.262    2.396  111.002    2.742
 -70.906    5.702  129.764    6.279
 -66.700    5.076  101.815    5.769
 -23.191    3.847  119.191    4.429
 -53.488    5.439  129.758    5.961
 -76.047    4.866   93.575    5.568
 -22.388    3.783  126.173    4.183
 -29.882    4.426  112.985    4.847
 -99.140    5.087   92.918    5.889
 -40.122    5.713  133.069    6.267
-124.755    4.420   97.880    4.995
-109.021    4.682   96.204    5.440
 -85.010    4.992   83.209    5.634
 -79.581    5.682  134.171    6.339
-141.374    3.128   72.947    3.786
-115.072    4.322   81.375    5.099
 -70.602    5.202   98.442    5.612
 -37.950    4.947  127.817    5.364
 -15.962    2.984  125.427    3.401
-141.144    4.088   78.456    4.966
-139.850    4.486   92.392    5.212
-102.952    5.505   94.119    6.186
 -85.399    6.448  115.707    7.031
-146.008    3.054   77.921    3.640
-137.193    2.757   99.340    3.237
-126.622    4.279  105.963    4.581
-140.845    3.569   68.279    4.435
 -65.174    6.086  116.169    6.812
 -67.481    5.734  135.792    6.205
-108.035    5.588  101.452    6.298
 -68.758    4.691   83.476    5.429
 -71.161    5.091   87.060    5.814
-116.599    4.476   91.469    5.177
 -58.542    6.199  147.421    6.585
 -74.722    5.207   98.130    5.913
 -18.814    4.483  121.141    5.035
 -20.276    4.072  125.519    4.538
-147.340    3.379   85.051    3.920
-133.456    3.861   81.173    4.701
 -24.468    4.356   98.794    5.146
 -38.761    4.977  108.411    5.516
-105.565    6.175  105.057    7.218
-121.077    4.596   83.785    5.347
 -61.302    5.755  113.836    6.480
-110.590    5.513   97.524    6.129
 -82.501    5.270   97.872    5.980
-131.111    2.474   96.606    2.911
 -98.623    2.235  116.957    2.315
-144.927    3.532   74.967    4.389
-107.798    2.321  115.129    2.349
 -88.409    2.075  118.766    2.127
-133.891    4.120   85.199    4.937
-137.125    4.179   81.505    4.915
-111.112    5.241   96.786    5.885
-120.360    5.184  112.962    5.842
-146.396    3.039  100.593    3.414
-150.201    3.341   78.397    4.012
-110.479    2.426  112.004    2.526
-144.154    4.040   78.177    4.774
 -83.654    1.957  127.096    2.000
-132.748    2.630   96.301    3.118
-150.066    3.382   72.288    4.124
-123.616    4.401   84.999    5.414
-119.538    2.470  109.879    2.760
-145.295    3.920   87.128    4.586
 -74.664    4.995   88.769    5.890
-100.701    5.974  129.316    6.203
 -48.334    1.784  134.553    1.827
-118.111    5.104   90.186    6.067
 -84.196    5.234   96.496    6.049
-106.157    5.023   82.981    5.713
 -49.844    5.414   94.702    6.254
 -61.801    5.490   86.697    6.362
 -45.724    5.115   94.386    5.761
 -41.258    4.805  120.624    5.230
 -55.956    5.997  116.808    6.675
 -76.500    5.791   98.206    6.640
 -15.407    3.704  132.477    4.039
 -53.830    5.379  120.815    5.904
 -14.320    1.979  125.225    2.021
 -11.459    1.908  136.392    2.029
  -6.084    2.140  121.938    2.374
 -31.599    1.715  141.620    1.743
 -19.335    4.463  124.585    5.035
  -8.776    4.444  118.825    4.966
 -11.941    1.780  139.095    1.830
  -6.554    2.404  117.317    2.751
 -60.752    5.960  123.100    6.732
 -18.327    4.978  110.858    5.629
 -55.520    5.985  128.706    6.615
 -14.681    3.797  118.423    4.255
 -55.281    1.874  130.802    1.991
 -23.045    1.561  137.473    1.595
 -68.390    1.955  135.273    1.985
  -2.768    2.832  123.207    3.188
 -10.793    1.586  134.142    1.668
-124.830    6.577  107.672    7.333
 -72.548    5.770   99.987    6.610
-149.743    3.905   95.561    4.439
 -93.297    5.655   95.234    6.544
 -35.811    5.131   98.282    6.018
 -87.283    5.369   87.600    6.114
 -83.502    5.988   97.983    6.970
-135.118    3.913   69.977    4.751
 -40.041    5.771  106.183    6.656
-133.034    4.377   89.589    5.239
 -56.073    6.141  105.808    7.096
-140.646    4.519   88.737    5.198
-152.592    3.518   92.639    4.114
-150.040    3.599   85.862    4.249
-127.079    2.489  102.722    2.882
-119.785    4.187   85.146    5.105
-150.317    4.196   91.192    4.742
-145.561    2.984   99.105    3.391
-109.637    5.540   84.434    6.303
 -45.627    5.087   93.478    5.756
 -69.433    6.031   96.371    6.764
 -53.948    5.336   96.773    6.259
-118.364    5.068   98.156    5.900
-141.115    3.823   79.924    4.471
-151.979    3.701   78.837    4.573
 -51.326    5.492  100.811    6.389
 -37.929    4.558   91.908    5.211
 -93.397    5.614   80.924    6.582
 -83.724    7.014  115.404    8.042
  -5.422    4.276  108.057    4.911
 -24.517    4.752  118.112    5.319
-130.602    5.476  118.985    6.242
 -78.716    5.944  103.898    6.678
 -64.538    5.834   98.947    6.763
 -55.930    5.150   89.699    5.967
 -38.565    4.991  104.053    5.552
 -38.198    5.562  128.892    5.985
 -12.959    4.528  127.473    5.004
  -7.471    3.305  118.609    3.771
-134.181    4.208   86.318    5.163
-139.743    4.164   77.911    5.134
-123.112    5.822   82.712    6.814
-154.158    4.116   99.475    4.726
 -63.361    5.185   87.529    5.961
-133.985    4.508   79.350    5.539
-137.375    4.503   87.233    5.182
 -78.470    6.405  107.521    7.063
 -48.818    6.075  111.160    7.156
 -40.861    4.854   84.286    5.889
 -95.986    7.256  117.449    7.907
 -57.604    5.382  100.077    6.081
 -82.374    6.271   95.276    6.830
 -26.485    4.976  101.727    5.743
 -36.769    4.901   85.887    5.804
-135.580    4.900   85.352    5.791
 -60.775    5.639   94.592    6.514
-137.927    3.869   76.305    4.751
 -92.130    6.164  108.296    7.092
 -74.633    5.330   90.553    6.083
 -38.335    4.724   92.348    5.596
-151.581    3.662   95.879    4.151
-142.366    3.272   60.592    4.149
-113.045    5.431   98.783    5.940
-132.207    2.626   97.160    3.069
 -57.518    6.976  122.975    7.824
-145.369    3.352   78.781    4.146
 -14.510    4.887  105.114    5.656
 -21.885    5.112  103.452    5.696
  -7.247    3.817  123.502    4.077
 -15.585    4.796  123.381    5.331
 -83.764    7.402  105.932    8.158
 -75.013    7.123  118.919    7.957
-148.518    4.167   85.731    5.063
-152.466    4.002   90.595    4.575
-113.831    5.348   76.311    6.167
 -35.076    5.127  116.502    5.409
 -56.500    5.300   83.354    6.099
 -27.352    4.779   96.945    5.379
 -90.329    6.002   78.329    7.319
 -82.562    6.275  102.961    7.145
-129.535    4.283   77.748    5.237
 -54.051    5.830   97.759    6.688
-115.519    4.406   74.273    5.453
-123.723    4.835   93.362    5.801
 -59.585    6.006  108.624    6.595
 -48.567    5.139   85.648    5.785
-110.014    6.447  101.314    7.257
 -66.610    5.794   84.358    6.665
-128.395    4.501   68.774    5.636
 -70.584    6.351  100.805    7.336
-130.786    4.667   84.097    5.549
 -38.666    5.923   97.640    6.636
 -78.506    5.336   97.462    5.914
-148.202    4.234   76.334    5.239
 -85.109    7.437   95.052    8.388
 -86.541    5.910   86.033    6.678
-130.555    5.307   90.043    6.098
 -56.273    6.134  103.153    7.048
 -35.379    5.165  111.994    5.897
-149.374    4.948   93.352    5.825
 -32.184    6.186  129.334    6.395
 -91.805    6.020   88.966    7.038
 -72.102    5.741   90.587    6.518
-125.341    5.744   91.176    6.621
 -56.664    5.606   78.059    6.506
-148.451    3.455   76.122    4.049
-150.192    4.177   74.817    5.152
-138.545    2.850   87.014    3.378
-102.738    2.487  119.147    2.532
-110.970    2.699  118.566    2.934
 -94.551    2.239  113.743    2.331
-152.809    3.277   84.398    3.849
-120.098    2.712  113.791    2.993
-158.128    4.191   78.498    5.105
-151.790    4.307  114.566    4.607
-129.524    2.642  103.684    2.962
 -88.786    2.125  127.793    2.174
-127.938    4.117   75.844    4.963
-144.935    3.335   89.695    4.015
-129.891    4.727   78.152    5.649
-121.831    4.665   89.274    5.488
-119.756    4.980   78.137    5.953
-128.559    5.089   80.957    6.087
-147.688    4.793   79.668    5.595
-163.567    3.992   70.758    5.058
 -85.863    6.114   82.215    7.093
-151.387    4.134   71.206    4.947
-131.279    2.748  101.811    3.208
-118.489    5.162   75.245    6.182
-148.655    3.830   82.250    4.477
-147.684    3.762   80.454    4.602
-147.999    5.085   78.140    5.994
 -62.859    1.810  133.687    1.866
 -81.511    2.114  131.583    2.245
 -78.990    5.783   86.114    6.381
 -72.642    5.678   89.381    6.478
-107.844    5.531   84.595    6.537
-146.968    3.587  102.240    4.086
-158.897    3.814   77.416    4.743
-133.029    3.050   74.724    3.568
-109.682    4.878   98.634    5.345
-151.172    4.481   81.006    5.450
-140.075    4.902   80.318    5.973
 -40.009    5.214   85.496    6.063
 -68.729    6.937   89.113    7.958
-136.183    5.429   77.376    6.499
-134.063    4.651   75.057    5.663
-101.377    4.980   86.773    5.904
 -78.563    5.951   95.455    6.807
 -44.850    6.003   95.157    6.918
 -41.801    5.643   94.309    6.487
-131.037    5.007   75.939    5.947
 -90.825    8.622  112.425    9.713
 -84.607    4.618  111.513    5.097
 -42.194    6.263  100.492    7.152
-158.182    4.007   69.347    5.018
-143.747    5.112   72.480    6.275
-156.299    3.612   79.386    4.229
-155.307    4.411  105.232    4.945
-115.856    6.055   89.481    7.153
-157.674    3.600   62.317    4.695
-155.073    4.541   68.271    5.486
-141.204    3.318   82.164    3.956
-146.419    3.883   96.164    4.434
-106.290    2.706  114.782    2.924
-122.405    2.637  112.372    2.893
-102.575    2.448  119.440    2.666
-132.788    2.753  103.174    3.047
-101.284    7.395  116.267    8.367
-160.162    3.879   70.472    4.872
-110.658    5.709   85.802    6.652
-162.542    4.681   87.425    5.549
 -59.574    5.853   83.782    6.986
 -39.099    5.697   87.844    6.588
 -84.324    6.542   98.621    7.448
 -32.124    5.209  105.578    5.920
 -85.232    5.360   91.537    6.094
 -11.063    4.987   99.182    5.543
  -8.463    4.730   86.954    5.697
 -75.758    6.230   89.767    7.090
 -55.997    6.156   95.013    6.922
 -21.018    4.921   90.905    5.826
 -99.661    5.560   94.918    6.452
-112.054    6.222   78.461    7.352
-147.249    5.414   83.959    6.323
-130.389    5.492   85.099    6.310
-138.994    4.785   79.963    5.763
 -80.127    6.556  104.770    7.319
-132.151    5.323   75.373    6.252
 -83.468    6.543  104.389    7.554
-158.423    4.132   70.893    5.138
-157.382    3.979   70.461    4.930
-172.079    4.855   86.964    5.825
-154.505    3.482   98.950    4.013
-148.906    4.740   76.006    5.916
-134.334    3.078  106.424    3.476
-159.936    4.202   84.490    5.034
-152.817    4.470   87.778    5.415
-115.036    6.111   85.590    7.017
 -92.680    2.381  122.142    2.470
-140.943    4.971   78.312    5.896
-143.152    3.190   88.601    3.612
-103.856    6.691  102.304    7.642
 -66.237    1.954  133.351    2.002
-163.368    4.352   85.338    5.391
-149.808    3.766   97.437    4.396
-121.155    6.593   86.586    7.593
 -72.861    6.980   89.503    8.118
-148.424    4.890   83.942    5.683
 -91.669    4.728   79.926    5.423
-139.865    3.390   90.898    3.918
 -84.250    1.969  108.649    2.083
-167.337    4.650   75.371    5.684
 -47.917    1.908  138.148    2.004
-169.257    4.004   69.471    5.057
-158.490    4.474   82.426    5.406
 -54.812    1.805  135.897    1.864
 -36.289    1.715  139.435    1.722
-134.372    6.188   81.662    7.341
-115.718    7.711   97.791    8.968
-150.035    4.783   66.934    5.963
-127.854    4.686   61.132    5.924
-133.297    6.100  102.515    6.982
-105.745    5.163   87.674    5.987
-159.707    4.047   72.793    5.071
 -74.848    3.719  102.235    4.227
 -73.158    4.532   88.247    5.157
 -47.998    5.935   85.088    6.880
 -49.793    6.220   92.527    7.289
-136.456    4.819   66.348    5.932
 -50.043    5.670   81.992    6.756
-144.180    5.780  104.218    6.657
 -42.939    6.596   96.714    7.492
 -56.234    5.612   83.852    6.653
 -31.559    5.167  120.289    5.880
 -46.342    5.656   86.358    6.713
-127.843    5.567   79.760    6.534
 -57.627    2.416   85.364    2.815
-103.593    2.533   87.974    2.902
 -63.911    1.870   94.525    2.145
 -86.229    5.210   93.508    5.772
-140.495    5.966  120.926    6.566
-160.886    4.045   98.550    4.780
-148.392    3.449   89.207    3.955
 -94.778    2.273   95.659    2.614
 -81.512    3.682   95.380    4.156
-111.705    7.461   98.260    8.708
 -43.519    6.469   96.695    7.271
 -51.759    1.980  119.869    2.207
  -9.317    4.392   95.066    5.225
   0.241    4.322  113.540    4.785
-160.112    4.653   82.455    5.648
 -36.464    5.364   98.882    5.974
-150.470    4.970   84.586    5.945
-123.427    2.806  106.657    3.094
-129.500    2.821  105.576    3.192
-182.888    4.250   78.582    5.101
-106.819    2.776  112.570    2.821
-138.583    3.098  109.724    3.501
-164.871    4.207   64.506    5.323
 -80.455    1.949  119.358    2.057
-166.265    4.150   77.900    5.020
-159.592    3.796   89.005    4.425
-105.368    2.538  111.805    2.844
-144.098    3.421   95.178    4.061
 -57.911    1.794  137.929    1.829
   7.236    2.285  128.604    2.528
  -9.924    1.657  139.731    1.685
   7.768    2.431  117.440    2.782
 -27.743    1.503  136.491    1.586
  -0.873    2.060  133.942    2.214
   6.469    2.629  121.092    2.966
   2.113    1.941  138.069    1.999
 -91.947    2.399  115.728    2.528
-159.798    4.454   86.704    5.311
-138.927    3.687   95.848    4.229
 -71.115    1.850  130.198    1.940
   0.852    3.108  109.652    3.578
  -2.382    1.773  135.181    1.903
 -22.893    5.635  112.668    6.168
  -7.307    4.556  109.640    5.213
 -17.646    5.385  122.118    5.833
 -17.002    1.758  140.984    1.865
 -47.123    1.853  136.704    1.871
 -35.682    1.883  142.979    1.881
 -44.725    6.444   98.658    7.441
 -19.083    4.949   94.354    5.925
 -10.883    4.794   89.331    5.783
  -1.231    3.912  126.269    4.351
 -83.293    2.359  129.410    2.547
  -4.643    1.605  139.043    1.654
 -52.757    1.784  138.129    1.842
 -31.242    1.659  145.088    1.732
 -63.778    1.690  113.230    1.897
-161.626    4.337   78.851    5.317
-104.289    4.957   83.347    5.842
-142.923    5.200   94.302    5.941
-156.805    4.082   94.311    4.697
 -46.648    1.456  107.328    1.656
-139.248    6.340   85.304    7.319
-146.322    5.733   75.035    6.781
-148.788    6.121   89.752    7.110
-145.870    3.288   86.428    3.792
-120.441    6.563   94.898    7.495
-135.041    7.143  126.786    7.789
 -78.673    3.637   83.485    4.251
-166.513    4.606   92.458    5.455
 -39.119    3.587   81.436    4.353
 -78.307    1.588  102.515    1.739
 -33.590    7.548  128.289    8.573
 -39.172    6.241   87.878    7.170
 -25.461    5.321   85.377    6.391
 -41.007    5.776   85.722    6.812
 -79.639    2.176  102.683    2.472
 -47.910    2.162   99.184    2.477
-124.293    6.415   84.028    7.489
 -32.563    6.305  102.398    7.016
 -53.772    1.008   97.927    1.138
 -45.071    1.246  109.840    1.413
-137.133    6.439  105.657    7.309
-158.379    5.161   89.936    6.132
-173.963    4.409   80.440    5.263
-117.364    6.904   83.599    8.400
-163.276    4.525   80.011    5.602
-168.297    4.600   85.570    5.599
-135.931    5.314   78.753    6.249
-125.247    3.115  111.538    3.512
-117.095    2.939  112.604    3.195
 -64.358    0.874   84.880    1.016
 -39.862    3.967   96.345    4.604
  -0.125    4.147  104.824    4.889
-125.649    3.502  117.032    4.004
-111.765    2.804  115.822    2.944
-152.709    4.310  105.075    4.754
 -75.359    2.276  128.598    2.452
-163.301    4.443  100.823    5.017
 -62.303    1.858  131.361    1.912
-141.966    3.801  101.791    4.401
 -98.052    2.530  113.650    2.585
-165.041    5.410   88.045    6.492
-103.490    1.937   96.708    2.213
-145.268    5.063   71.387    6.068
 -18.172    1.683  140.633    1.779
  -4.009    4.283  129.605    4.644
  -0.888    1.654  135.466    1.745
 -92.682    4.904   94.363    5.647
 -10.157    4.896   95.691    5.697
 -77.935    0.811   75.277    0.941
 -31.793    5.740   90.630    6.731
 -59.408    1.436  118.525    1.601
 -19.762    5.251  102.815    6.104
-137.196   10.291  130.942   11.483
-143.866    5.688   80.410    6.682
-127.401    8.384  152.996    8.974
 -63.394    1.204  107.128    1.363
-120.913    6.643   93.064    7.708
-144.290    7.727  131.453    8.724
-170.965    4.159   72.924    5.141
-172.160    4.340   74.586    5.276
-138.280    3.967  105.629    4.467
-177.121    4.633   86.869    5.584
-150.744    4.404   83.696    5.242
-113.893    2.672   94.255    3.064
-144.084    6.215   97.087    7.322
-147.983    5.505   83.323    6.647
 -91.962    2.585  121.155    2.880
-161.036    3.874   87.516    4.599
-173.044    4.335   70.499    5.469
-143.632    4.101  104.668    4.607
-114.538    2.112   97.326    2.449
-139.857    5.882   79.741    6.910
 -69.161    2.202  125.331    2.395
 -38.966    1.893  139.947    1.924
 -45.916    1.908  139.462    1.953
 -41.066    5.370   77.297    6.473
  11.464    2.279  123.121    2.514
 -13.629    5.091  100.450    5.633
  18.312    2.327  114.030    2.475
   8.729    2.095  133.139    2.252
 -20.791    5.094   89.448    6.016
 -28.078    1.775  143.727    1.767
 -81.970    2.534  120.043    2.630
  12.970    2.384  108.041    2.807
  11.970    2.004  128.382    2.094
 -55.133    2.095  137.399    2.162
   1.349    4.336  111.428    4.954
  -1.301    1.741  140.482    1.840
  15.862    3.032  118.107    3.379
  12.460    1.800  134.824    1.921
  -1.674    4.315   99.898    5.121
 -17.896    1.826  141.820    1.847
 -33.477    1.088   96.856    1.242
 -28.765    1.419  117.345    1.600
 -32.001    5.289   82.942    6.243
 -29.110    5.235   74.954    6.213
 -46.800    0.944   84.289    1.041
 -34.593    1.656  118.841    1.837
  21.271    3.377  105.928    3.956
 -15.351    1.376  109.338    1.567
 -80.145    0.941   92.054    1.063
-100.651    1.057   74.396    1.244
 -19.298    4.980   91.043    5.923
  -7.422    4.417   99.645    4.834
 -19.837    5.441  100.907    6.233
 -41.423    1.904   97.665    2.187
  14.314    4.053   98.269    4.839
 -31.946    6.052   88.715    6.938
 -88.502    1.597  115.657    1.804
 -20.970    5.607   91.883    6.568
   0.274    4.617   92.035    5.295
 -34.340    2.957   94.731    3.470
  18.263    3.457   96.425    3.924
   3.727    1.732  138.973    1.790
-164.389    5.904   96.481    6.979
-154.437    4.400   75.703    5.238
-135.706    2.837   85.977    3.345
-127.213    4.826   79.348    5.699
-148.330    5.772   83.356    6.785
-130.725    7.303   99.705    8.605
-125.654    5.324   65.482    6.535
-100.193    0.849   60.467    1.077
-171.548    3.762   60.133    4.715
-169.846    3.988   63.021    5.102
-153.444    4.317  102.065    5.057
-136.306    7.083  111.202    8.060
-175.165    4.955   77.236    6.052
 -78.519    0.848   65.961    1.046
 -30.145    5.347   77.225    6.195
-101.073    1.038   94.154    1.220
-142.918    7.339  120.788    8.204
-138.513    5.088   75.379    6.102
-163.557    4.038   74.729    4.993
-165.833    4.562   83.463    5.646
-120.881    3.107   90.957    3.622
-111.887    3.361  125.538    3.777
-129.114    3.437  111.160    3.998
-149.110    5.913   82.214    7.167
-131.426    3.923  115.838    4.462
 -99.938    2.890  114.439    3.204
-155.277    3.882   77.695    4.714
-152.367    4.335   81.849    5.327
 -60.499    2.201  130.608    2.372
 -78.602    2.484  126.574    2.688
-131.300    3.609  104.720    4.201
 -90.535    3.074  119.837    3.255
 -71.516    1.372  116.753    1.527
-151.663    4.437   68.556    5.551
-171.269    4.097   70.874    5.022
-168.482    4.605   72.691    5.511
-159.240    5.477   73.250    6.549
-108.221    1.711   96.032    1.976
 -88.504    1.261  112.834    1.408
-121.292    1.694   93.139    1.987
 -68.992    0.688   62.614    0.853
-168.389    4.053   74.381    5.006
-162.334    4.424   67.639    5.692
-132.045    3.279  104.047    3.770
-142.126    4.362   93.401    5.075
-144.901    4.287   72.732    5.304
-118.853    0.834   81.888    0.986
-153.856    5.815   77.030    6.884
-154.129    6.214   81.807    7.401
-160.882    4.475   82.427    5.362
 -94.753    0.746   61.199    0.945
-152.986    5.195   81.470    6.277
 -39.814    0.899   88.626    1.009
-153.364    5.900   90.643    6.788
-141.559    4.170   93.741    4.882
 -88.890    2.908  120.687    3.173
-169.120    3.888   60.912    4.932
 -26.345    5.342  100.660    6.217
 -36.339    2.060  141.559    2.122
-116.384    0.700   56.792    0.916
-151.106    5.186   73.669    6.375
-163.754    4.242   59.102    5.563
-168.968    4.452   83.214    5.485
-151.211    3.878   71.581    4.791
-154.341    5.972   81.787    7.140
-163.444    5.931  106.135    6.910
-162.073    4.440   90.212    5.405
-137.560    4.267   80.241    5.298
-100.555    1.245  106.383    1.427
 -23.504    6.236   95.895    7.447
 -19.588    6.499  104.802    7.646
 -28.021    1.843  113.750    2.053
  -4.140    5.078  120.204    5.288
 -93.420    0.666   68.652    0.818
 -33.739    5.942   91.337    6.646
   7.275    4.679  132.307    4.985
-147.393    5.389   77.620    6.492
-167.117    4.656   43.348    6.783
-155.204    5.788   90.808    6.912
  -1.718    4.866   97.978    5.799
 -19.701    5.490   81.963    6.657
  15.328    4.257  106.525    4.877
-138.518    5.678   90.318    6.477
 -61.751    0.787   75.305    0.948
-161.149    4.641   76.807    5.687
-124.292    3.992  112.518    4.499
-164.610    4.803  100.705    5.652
 -65.457    2.507  131.948    2.666
-126.970    4.015  111.953    4.549
-120.111    3.359  107.245    3.917
-164.350    4.224   68.119    5.371
-155.667    5.333   69.599    6.656
-160.391    4.460   71.002    5.619
-143.269    4.763  101.134    5.273
 -47.904    2.280  133.910    2.392
 -77.978    3.033  127.036    3.134
-129.079    3.751  105.278    4.135
-116.527    3.568  109.737    4.097
 -27.970    1.759  143.378    1.776
  -3.228    1.666  138.724    1.680
-169.112    4.385   88.491    5.371
-138.396    6.900  107.547    7.963
 -83.660    1.158  104.794    1.316
-134.199    4.311  105.582    5.006
-155.963    5.791   92.743    6.811
-116.778    0.883   55.130    1.145
-104.557    3.253  112.242    3.527
 -53.866    2.368  139.292    2.417
-154.420    4.668   89.442    5.537
-128.683    4.432   88.086    5.296
-163.520    4.415   78.516    5.434
-148.781    6.920  114.781    8.004
-158.284    5.197   72.947    6.564
-103.102    1.323  108.153    1.512
-158.620    5.388   89.175    6.452
-165.071    4.017   66.632    5.155
 -98.900    3.529  122.143    3.833
-131.977    2.264   85.604    2.695
-133.400    4.565  101.119    5.050
-149.923    5.060   77.782    6.186
-162.107    4.272   77.484    5.427
 -71.124    2.869  131.617    3.013
-144.342    6.855  103.821    8.065
-153.402    4.359   95.289    5.158
 -15.478    1.835  146.586    1.942
 -59.321    2.473  136.595    2.486
   2.592    1.807  139.882    1.841
-151.248   11.054  207.300   11.385
-154.747    4.219   74.635    5.189
-151.543    6.725   90.771    7.923
-131.806    4.632  104.747    5.055
 -90.593    3.154  127.756    3.395
-141.725    6.336   87.888    7.670
-141.501    6.777   81.624    7.952
 -13.288    1.023  102.817    1.162
-117.034    1.036   94.217    1.229
-166.904    4.863   86.430    5.890
-154.498    5.602   78.642    6.776
 -13.508    5.810  103.686    7.014
 -18.598    5.179   75.697    6.183
-163.197    4.329   80.506    5.431
  -4.895    5.448  101.283    6.371
-157.542    4.031   73.944    4.952
-141.978    6.783  116.219    7.772
-113.993    1.601  110.558    1.807
-129.306    3.729   88.831    4.370
-124.513    3.745   96.638    4.333
-128.937    4.165  101.781    4.737
-153.524    4.426   93.419    4.830
-122.213    3.671  120.442    4.121
-132.522    4.889  116.192    5.508
-154.302    4.240   79.132    5.186
-143.635    5.581   70.265    6.927
-153.284    6.723   98.574    8.079
-103.748    3.706   90.393    4.250
-136.033    4.388  103.256    4.917
  29.352    2.354  116.093    2.367
  25.204    2.315  123.983    2.532
  22.974    2.469  108.116    2.837
   2.373    5.242  123.359    5.783
  19.718    2.111  121.892    2.340
 -70.568    2.717  129.063    2.772
 -71.199    3.055  119.917    3.185
  26.107    2.974  112.549    3.471
 -38.835    2.557  143.204    2.581
  10.870    4.536  110.403    5.238
  25.048    2.024  135.482    2.214
  -1.521    1.892  145.009    1.887
 -22.361    5.697   88.095    6.709
 -43.451    2.442  138.077    2.538
 -25.592    2.002  146.322    2.031
   4.321    1.864  139.729    1.870
 -97.922    3.568  110.074    3.896
   4.448    4.442   92.265    5.014
  21.240    3.883  122.353    4.428
  19.229    1.779  128.391    1.827
 -48.457    2.455  134.969    2.497
 -14.591    1.805  145.200    1.819
-137.477    4.812   88.998    5.735
-143.159    4.558   81.863    5.538
-154.454    4.387   71.548    5.455
 -99.355    3.706  120.283    4.021
  25.980    3.881  100.359    4.488
  14.648    1.901  140.439    1.946
 -75.069    2.951  118.011    3.167
  11.907    4.511  116.028    5.087
   5.285    1.813  139.974    1.899
 -22.425    2.181   98.380    2.518
   2.849    4.881  102.222    5.763
 -59.649    2.851  137.219    2.880
  -4.464    1.768  147.763    1.769
-143.357    6.621  129.846    7.057
-129.459    4.942  110.911    5.500
-167.774    5.194   75.208    6.303
-156.704    4.910   84.078    5.995
 -85.637    3.349  112.801    3.709
  24.701    4.755  114.277    5.295
  13.889    1.915  139.020    1.958
 -16.054    5.242   81.147    6.198
  -6.382    4.911   90.972    5.929
 -41.470    2.732  139.132    2.778
 -26.147    2.398  140.445    2.410
-161.483    5.535   79.681    6.668
-162.689    4.276   76.475    5.196
-127.074    7.134   96.368    8.350
 -20.597    6.132   95.066    7.009
   1.668    5.260   94.143    6.248
-144.388    7.071   95.463    8.128
-151.161    4.083   77.534    5.063
 -15.174    4.625   93.796    5.387
   4.280    4.942   99.880    5.859
-114.539    1.269  108.294    1.440
-166.974    4.547   77.827    5.609
  13.199    4.971  118.589    5.580
-145.586    6.529   88.059    8.012
-122.655    4.187   95.665    4.785
-134.453    4.489   93.164    5.322
-119.060    4.565  108.459    5.139
-123.008    5.240  132.262    5.794
  38.971    2.378  106.313    2.771
-115.626    3.785  102.782    4.427
  26.354    2.329  113.410    2.638
  40.180    2.704  110.287    3.170
  15.648    4.415  110.799    5.003
-132.367    4.922  103.951    5.515
  36.155    2.132  117.477    2.275
 -43.754    2.601  134.199    2.643
 -11.503    2.028  144.000    2.044
  42.599    3.010  116.025    3.515
 -67.451    2.774  115.233    2.973
   6.599    1.949  140.223    2.076
-112.015    4.057  106.518    4.606
  37.400    1.909  121.780    2.011
 -76.972    3.571  118.673    3.960
  17.248    2.032  143.389    2.034
-126.095    4.740  100.863    5.415
  35.789    3.512  113.684    4.069
 -48.274    2.616  128.153    2.812
  -7.813    2.072  149.590    2.079
-101.276    4.390  114.779    4.847
  28.865    1.743  121.390    1.847
-149.130    5.258   80.139    6.304
-145.868    4.795   87.682    5.690
-180.791    5.840   73.039    7.181
-140.478    4.705   87.326    5.730
-159.705    5.244  107.398    6.200
-132.714    4.949   94.406    5.780
-125.543    1.644   96.628    1.912
-152.676    5.769   82.651    6.777
 -92.354    4.443  126.784    4.850
 -71.322    3.312  110.748    3.687
-161.556    4.611   81.836    5.644
 -50.720    3.048  125.124    3.308
-144.471    5.347   70.279    6.658
-134.999    4.713   96.424    5.613
-136.073    6.064   75.195    7.340
-143.235    2.808   83.242    3.339
-136.578    4.812   90.380    5.741
-147.900    4.400   80.871    5.356
  -6.217    5.782   86.632    6.759
 -22.156    6.139   91.521    6.808
  -6.236    4.995  116.501    5.398
   8.887    5.000   86.346    6.003
   9.530    4.536  109.157    5.058
  -6.418    8.462  117.173    9.658
  40.870    3.956  120.892    4.356
  12.192    5.258   84.796    6.341
 -12.243    1.418  121.268    1.601
-130.983    0.762   63.980    0.953
  25.260    1.987  130.098    2.108
-137.332    2.387   95.462    2.807
-136.844    5.824   72.832    7.253
-147.482    5.784   80.957    6.932
  17.155    2.042  138.455    2.094
   6.339    1.838  147.192    1.853
  32.696    4.135  115.538    4.598
 -29.320    2.493  137.138    2.495
-161.190    5.134   80.667    6.343
-169.783    7.115  108.800    8.010
 -33.746    2.956  138.704    3.043
-133.805    4.588   89.942    5.545
 -14.187    2.423  144.019    2.444
 -81.523    3.855  121.199    4.278
-102.084    5.728  111.702    6.123
-120.191    5.638  129.900    6.240
-119.230    5.578  128.419    6.292
-164.506    4.749   66.191    6.041
 -41.955    2.870  138.560    2.933
-131.160    5.918  124.126    6.568
-105.316    4.222   98.395    4.917
-137.772    0.836   71.353    1.031
-134.448    5.800   98.295    6.893
  -7.269    2.352  143.850    2.381
 -65.671    3.234  120.576    3.508
  23.342    1.986  137.643    2.028
-131.164    5.751  103.582    6.749
-107.653    4.423  119.201    4.916
-123.930    4.169   82.946    4.987
 -72.574    4.056  130.477    4.411
-150.405    4.457   74.785    5.427
 -49.365    2.755  129.459    3.018
  12.717    5.271  131.884    5.653
-116.395    1.542  116.300    1.700
  16.884    2.023  139.789    2.062
-134.574    5.362   97.913    6.195
 -88.666    4.424  114.825    4.954
-142.048    5.515   66.121    6.992
-118.965    0.621   55.921    0.807
-133.393    1.082   91.257    1.251
-161.698    5.928   87.340    7.219
-146.696    6.697  129.348    7.182
-141.113    5.023   90.106    6.060
-157.882    5.459   83.625    6.627
-123.702    4.953   88.385    5.983
-132.688    5.012   89.959    5.873
-136.665    6.924   89.423    8.193
-160.659    4.649   68.981    5.796
-157.857    5.620  107.343    6.557
 -85.428    3.990  115.849    4.436
-131.982    5.670  101.322    6.680
-148.692    0.675   57.329    0.895
 -72.077    3.759  119.934    4.268
   3.846    4.820  105.738    5.280
   5.530    2.174  149.314    2.189
 -56.810    3.456  126.038    3.787
-122.624    5.549   96.945    6.613
-156.007    6.727   88.982    8.199
-143.589    5.301   93.356    6.314
-146.869    6.314   87.267    7.680
-137.047    0.666   54.137    0.899
-135.156    5.012   99.666    5.740
-160.379    6.589   99.352    7.852
 -27.459    6.859  105.243    7.646
 -18.056    6.439   89.887    7.376
  -0.878    5.443   91.430    6.674
-148.197    4.820   86.703    5.693
-115.325    1.238  107.384    1.395
 -14.053    3.144   97.521    3.650
-131.617    5.131   87.409    6.276
-159.121    6.254   84.938    7.559
-107.836    5.545  124.939    6.191
-101.232    5.522  134.158    5.953
-115.492    6.321  139.578    6.931
-138.746    4.964   89.656    5.760
-106.724    5.719  131.329    6.426
-124.689    5.630  115.549    6.335
-130.352    6.022  105.677    7.036
 -72.912    3.886  127.927    4.384
-103.574    4.713  105.696    5.236
 -24.849    2.983  147.690    3.062
  20.579    4.614  127.678    5.234
  46.147    2.289  114.622    2.603
  43.308    2.170  114.706    2.383
  46.946    2.632  117.440    2.974
 -33.580    3.239  141.569    3.406
  44.955    2.176  128.754    2.406
  -9.939    2.577  143.894    2.584
  25.274    2.110  142.370    2.119
  10.260    4.640   75.382    5.682
  45.085    2.929  112.527    3.431
  43.694    1.861  116.038    2.010
-123.822    5.062   84.937    5.863
 -42.013    2.991  138.985    3.303
  -9.549    2.577  143.337    2.666
   4.349    4.856   99.276    5.767
 -98.959    4.569  104.537    5.298
-136.823    4.885   81.296    5.995
-150.639    5.032   69.162    6.243
 -64.281    3.777  122.243    4.262
  44.869    3.850  127.701    4.367
  17.783    1.994  146.160    2.007
  40.242    1.927  121.867    2.041
 -74.210    3.680  116.039    4.152
-130.618    4.781   86.362    5.546
  19.185    4.816  127.330    5.494
  28.929    2.102  143.402    2.141
 -31.230    0.907   70.236    1.114
 -56.342    3.212  128.026    3.532
   6.492    4.996   88.309    5.964
   7.412    2.516  151.114    2.561
 -86.851    4.560  113.155    5.229
  38.209    4.420  118.075    4.900
  36.517    2.077  127.675    2.204
-134.087    2.904   93.127    3.424
-129.839    1.565   87.692    1.859
-142.563    7.323  108.560    8.735
-146.998    4.845   78.551    5.775
-126.923    4.790   89.053    5.523
-131.880    6.348  107.754    7.439
-141.743    3.130   99.000    3.675
-120.741    5.323  100.796    6.429
 -79.714    4.001  116.291    4.407
-137.198    2.198   87.690    2.569
-167.797    6.136   90.938    7.339
-147.813    0.758   68.977    0.908
-140.868    5.258   95.146    6.073
-132.984    2.923   87.241    3.478
 -72.424    3.732  120.519    4.220
 -18.055    5.912   80.786    6.696
  -4.109    7.127  110.832    8.197
  -9.385    1.801  118.128    2.064
 -16.625    7.139  117.871    8.198
  19.219    4.863  101.126    5.777
 -15.583    0.935   75.229    1.139
  32.215    4.593  103.720    5.375
  39.020    4.996  118.296    5.419
   3.960    4.987   86.294    5.879
  38.587    2.062  131.667    2.099
  39.387    4.622  107.876    5.168
 -18.565    3.246  144.689    3.458
 -11.549    3.013  143.063    3.193
  31.173    1.971  140.665    2.037
 -45.832    3.645  121.599    4.025
  20.814    2.272  142.103    2.327
-136.830    5.353   94.865    6.580
  33.657    4.873   96.931    5.861
 -29.264    3.123  129.962    3.458
  -4.557    2.795  144.366    2.799
 -94.572    5.633  122.027    6.433
-153.390    6.388   76.642    7.883
-141.664    5.913   75.379    7.266
 -92.367    5.172  120.916    5.568
-115.176    6.151  113.232    7.086
-126.446    1.706   98.245    1.899
-149.602    0.914   68.766    1.120
-124.518    2.095  101.171    2.398
 -89.975    5.607  108.496    6.245
-119.318    4.963   84.259    5.923
 -74.867    4.313  126.769    4.769
-131.345    5.196   83.435    6.316
 -95.972    5.326  117.456    5.940
-113.606    6.047  100.766    6.543
 -36.042    3.342  131.017    3.677
-142.526    5.709   82.436    6.957
  55.317    2.520  116.909    2.762
  55.256    2.366  119.281    2.630
  14.892    2.532  146.347    2.555
  63.514    2.652  102.910    3.103
  39.284    2.214  138.382    2.255
  59.258    2.052  113.287    2.223
  59.737    2.802   96.425    3.221
  15.962    4.924   84.216    6.070
 -68.539    4.137  131.394    4.632
 -84.862    5.004  101.560    5.906
  56.606    1.824  111.330    1.964
-131.581    5.387   91.154    6.200
 -17.560    5.815  104.892    6.610
  28.969    2.045  144.361    2.090
 -11.070    3.007   94.210    3.499
  56.117    3.187   99.177    3.630
  26.188    5.385  129.536    5.737
   2.704    5.555   82.416    6.721
 -44.840    3.692  130.538    4.070
 -60.729    4.087  115.460    4.586
  56.068    1.853  117.709    1.925
  16.806    2.544  139.649    2.583
  42.859    2.017  130.369    2.157
   0.564    0.983   88.860    1.148
  57.133    3.748  103.608    4.022
   0.603    5.524   86.886    6.546
 -13.033    3.029  134.518    3.325
 -80.340    5.836  126.329    6.514
  58.036    2.003  130.205    2.020
 -17.993    3.419  138.463    3.753
  -0.968    3.217  141.787    3.451
-144.526    5.664   91.855    6.860
  20.334    5.109  105.472    5.464
-128.325    5.903  113.550    6.828
-127.761    5.798  115.341    6.421
-135.224    1.049  100.378    1.233
 -27.169    3.481  124.591    3.873
  10.102    2.760  151.696    2.831
 -59.954    4.156  130.938    4.640
  37.942    4.901  109.266    5.661
  28.167    2.303  140.645    2.353
  55.365    3.900   97.900    4.477
 -72.712    5.144  114.761    5.701
 -64.868    3.958  110.414    4.334
  55.658    2.081  132.215    2.126
  43.663    1.938  133.075    2.066
-139.411    4.949  106.200    5.573
  24.941    5.776   95.076    7.082
 -32.177    3.523  127.248    3.992
  24.560    2.814  142.076    2.874
-115.337    6.102  110.893    6.876
-119.583    1.421  100.357    1.626
-115.891    1.177   93.001    1.367
-116.666    1.460  113.427    1.651
-132.273    5.375   90.466    6.462
-145.905    6.635  105.316    8.105
-147.295    0.937   76.065    1.138
  -3.443    4.030  100.630    4.635
   4.672    4.634   89.563    5.522
  -2.193    1.260  106.970    1.464
  49.845    4.652   98.789    5.505
 -97.864    6.788  116.657    7.709
 -94.682    5.118   99.013    5.787
-109.728    5.650  118.020    6.446
 -72.805    5.031  133.167    5.403
 -95.087    5.331  102.856    6.039
-115.824    5.182   90.731    6.158
-130.864    2.000   96.865    2.355
-124.899    5.644   86.046    6.560
 -93.581    5.826  116.435    6.423
-103.001    6.045  102.199    6.984
-123.180    5.133   79.545    6.259
-137.647    6.500  104.354    7.815
-145.329    0.881   69.695    1.099
-116.825    5.908   98.512    6.836
-147.424    0.753   56.927    0.999
-132.794    5.911   99.364    6.983
 -74.713    5.344  137.905    5.994
 -67.594    4.066  105.803    4.510
-121.365    6.254   95.540    7.282
 -70.671    4.655  118.930    5.143
 -54.258    3.667  123.938    3.922
-153.835    6.235   81.103    7.467
 -72.716    5.053  101.883    5.737
-129.625    5.401  101.193    6.131
-115.818    6.543  122.235    7.152
-132.406    6.590   91.143    8.109
 -14.277    3.345  143.728    3.606
   5.032    3.149  141.272    3.474
 -20.309    3.914  132.356    4.279
  53.446    2.280  137.691    2.326
-131.795    1.042  102.136    1.198
   0.061    5.539   86.977    6.603
  22.855    5.534   97.512    6.507
  32.568    4.448   92.947    5.181
  69.202    2.408  103.987    2.815
  71.795    2.167  110.403    2.495
  74.231    2.579  102.515    3.039
  75.910    1.994  107.430    2.261
   2.141    5.290   95.907    6.364
  68.423    3.018  105.096    3.513
  42.248    2.191  139.946    2.246
  39.768    5.095  107.690    5.750
  31.803    2.621  144.187    2.700
  73.445    1.952  112.362    2.078
   8.198    2.939  139.490    3.184
  64.080    3.505  110.929    3.981
  31.407    4.907  100.935    5.738
  67.583    1.927  110.561    2.024
  50.989    2.195  136.533    2.272
  13.369    5.559   94.343    6.648
  59.886    3.521   92.148    3.924
   9.037    1.601  125.052    1.810
  27.151    4.782  112.609    4.991
  10.272    5.423   82.098    6.518
 -28.013    3.601  123.114    4.068
  66.772    1.982  113.135    1.992
  22.356    3.022  143.586    3.266
 -58.315    4.229  130.900    4.105
  59.073    4.122   97.571    4.745
 -69.384    4.587   94.674    5.181
 -72.512    4.630  129.339    4.994
  17.813    5.457   75.209    6.811
  41.826    2.463  142.498    2.489
  24.616    5.629  103.395    6.620
  56.540    2.224  136.203    2.364
  70.577    1.965  114.555    2.044
  35.255    4.662   87.802    5.700
  52.725    4.941   96.773    5.894
 -39.772    3.858  133.097    4.202
  33.439    2.928  149.075    3.030
  13.401    5.338   93.349    6.312
 -98.309    6.596  133.503    7.259
 -97.658    6.221  126.594    7.033
-110.199    4.863  113.638    5.408
 -90.487    5.449   96.532    6.155
 -97.966    6.467  136.936    7.215
 -63.733    4.453   99.250    4.980
 -94.961    5.365   92.712    6.150
-125.636    2.430   80.920    2.884
-137.464    0.599   56.761    0.791
-125.608    4.221  100.543    5.090
-103.895    5.480   88.417    6.503
 -97.949    6.148  106.519    6.570
-114.544    1.225   94.544    1.434
-118.115    5.920   90.054    6.943
 -60.423    4.153   97.903    4.602
   4.039    3.444  139.148    3.763
 -13.663    3.652  124.150    4.083
 -48.427    3.981  112.470    4.359
 -75.729    5.515  133.217    5.919
  10.020    2.799  131.543    3.135
 -26.771    4.108  127.869    4.501
-105.588    6.771  119.679    7.766
 -72.978    4.630  129.716    4.946
-115.845    2.152  100.640    2.481
-138.178    0.616   59.471    0.789
-115.000    1.499  104.786    1.711
-123.040    3.817  102.710    4.391
-153.652    0.807   61.059    1.046
 -74.276    4.737  100.122    5.300
-123.634    6.376  101.870    7.516
  27.048    3.001  135.387    3.352
  69.022    2.135  129.886    2.313
 -26.795    4.067  132.031    4.528
  43.655    2.569  136.521    2.699
  56.675    2.318  130.963    2.493
  81.088    2.247   88.502    2.635
  82.282    2.107  102.081    2.371
  81.871    2.477   88.901    2.700
  84.035    1.989  102.935    2.276
  77.679    2.802   91.919    3.143
  48.481    4.149   74.382    5.251
  81.473    1.798  100.254    1.964
  -3.198    0.926   65.142    1.175
   1.985    6.334   90.590    7.618
  71.141    3.508   99.604    3.886
  32.470    4.697   75.548    5.961
  22.808    6.130  103.443    7.039
  22.690    6.460   92.897    7.779
  31.961    2.932  138.413    3.209
  70.313    2.056  121.037    2.104
  82.729    1.799  104.131    1.927
 -62.099    4.268  108.772    4.694
  61.156    4.062  109.041    4.362
  40.817    5.430  115.803    6.109
  20.896    5.033   72.381    6.292
  82.685    1.903  115.184    2.092
 -61.018    4.866  122.992    5.237
 -68.477    4.817  101.948    5.386
 -43.532    4.320  128.760    4.799
  56.590    2.569  145.258    2.589
  59.837    3.868   99.558    4.325
  24.972    4.978   79.573    6.051
  25.934    5.481   82.223    6.841
  52.498    2.918  133.961    3.158
  35.204    4.962  105.328    5.441
  71.006    2.155  126.934    2.309
   3.484    1.994  122.200    2.288
   0.237    4.262  101.889    4.961
  56.841    4.905  103.855    5.551
  82.463    1.980  116.773    2.171
  -5.271    3.535  120.853    3.956
  12.937    3.314  130.340    3.596
  16.358    3.077   80.145    3.823
 -14.239    3.981  127.620    4.518
  20.749    3.080  139.225    3.244
-109.164    3.319  104.702    3.688
-105.201    1.414  115.037    1.574
  24.942    6.291  109.273    7.173
  13.262    6.422  122.073    6.717
  46.713    5.265  114.019    5.705
  36.340    4.574   87.267    5.099
-109.050    1.142   80.669    1.324
  16.466    7.010   95.314    8.304
-102.936    6.046  125.549    6.649
 -97.904    5.916   93.071    6.822
  88.321    2.417   96.115    2.815
  94.287    2.517   91.957    2.814
 -88.202    5.080   87.098    5.814
  87.851    2.149  102.716    2.485
 -92.511    6.244  109.627    7.069
  83.995    2.651   94.766    2.925
 -66.324    5.173  112.801    5.694
  82.328    1.994  119.286    2.040
 -79.822    5.887  103.653    6.563
  92.383    1.985  103.464    2.256
 -27.341    4.095  122.775    4.457
  35.082    3.128  135.537    3.459
-105.061    6.402  107.885    7.245
  85.153    3.382  102.856    3.695
 -44.855    4.203  115.028    4.687
  58.330    2.739  136.641    2.943
 -68.086    4.995  120.426    5.505
  65.575    2.394  131.556    2.513
-107.488    6.198   98.945    7.025
-136.839    0.788   64.648    0.993
-112.686    5.741   99.208    6.257
 -82.015    5.666  111.323    6.287
-130.543    0.917   65.736    1.152
 -62.594    4.863  128.797    5.341
 -30.076    4.151  119.277    4.576
  92.223    1.816   99.849    2.030
-109.595    3.386  102.953    3.835
  47.301    2.924  141.699    3.241
  39.427    4.920  108.248    5.281
  72.151    3.887  116.257    4.394
  80.691    2.077  119.689    2.116
  95.177    1.895  102.095    2.018
  11.253    1.192  108.722    1.370
 -46.041    0.752   63.986    0.952
  13.578    2.369  118.736    2.593
  39.939    6.095  102.293    7.241
  17.432    6.445  101.332    7.547
  65.294    4.156  107.010    4.665
  25.163    1.511  115.694    1.746
   4.863    3.499  123.464    4.009
 -84.639    5.385  101.419    5.837
  93.731    1.877  102.097    1.988
 -58.838    4.472  122.765    5.099
  65.371    2.666  134.116    2.854
 -11.479    4.343  132.302    4.766
   5.614    3.669  134.204    4.062
 -30.777    4.222  109.119    4.838
  56.669    2.765  130.200    3.152
-106.809    2.243  111.957    2.537
  39.255    5.587  120.964    6.129
 -11.436    3.858  121.114    4.308
  28.794    3.375  134.443    3.783
 -59.600    4.709  102.901    5.325
  81.727    2.285  121.925    2.379
-106.517    5.565   96.071    6.353
  66.352    5.264  133.480    5.831
 -72.473    5.502  108.843    6.279
  94.220    1.938  111.207    1.989
-149.641    0.806   64.989    1.010
  24.876    5.814   79.519    7.113
 -24.125    4.635  129.571    5.134
  52.805    3.118  134.914    3.470
 -97.245    4.061  103.363    4.671
  35.409    5.613  103.889    6.411
-104.083    5.943  118.128    6.592
 -97.411    7.451  115.157    8.337
 -84.614    6.083   95.717    6.978
 -95.192    4.781   99.336    5.405
 -68.587    5.459  117.704    6.125
 -92.898    1.433  106.371    1.612
 -83.609    6.239  110.682    6.815
 -95.287    2.598   94.660    2.862
 -50.483    4.723  128.969    5.451
 -61.507    5.088  109.979    5.822
 -77.455    7.354  119.263    8.177
 -21.724    4.069  105.859    4.749
 -81.598    1.333  105.014    1.513
-143.900    0.740   67.921    0.921
 -80.258    5.925  112.696    6.630
 -59.829    4.659  101.811    5.378
 -85.598    1.612   97.817    1.794
 -70.769    5.348  102.052    6.188
 -45.480    4.541  113.154    5.164
  71.970    2.776  126.061    3.137
 -13.116    0.857   70.018    1.063
   2.883    3.923  128.733    4.424
 -96.939    1.569   97.542    1.750
-114.444    0.802   69.093    0.968
  16.858    1.042   74.390    1.286
  16.574    7.216  110.776    8.449
  17.990    1.390  112.313    1.617
  40.759    5.118  104.458    5.794
  55.803    4.999  109.925    5.542
 -85.176    6.450   97.969    7.355
 -67.072    4.929  101.420    5.684
 -91.999    6.654  104.394    7.579
 -52.450    4.691  101.883    5.442
-102.224    1.110   93.794    1.291
 -78.252    6.201  111.779    7.110
 -28.327    4.679  119.451    5.334
  -8.740    4.506  130.204    4.900
 -73.903    6.335  121.980    7.090
  10.664    3.333  118.538    3.851
 -72.560    6.210  102.608    7.223
 -54.169    5.530  123.016    6.305
 -14.298    3.842  117.580    4.223
  58.923    2.704  131.389    3.099
  77.976    2.354  121.421    2.380
  96.236    2.001  113.433    2.061
  24.890    3.691  126.562    4.093
  95.678    2.301   93.040    2.657
 -60.322    5.225  111.765    5.975
 -88.282    6.058  107.585    7.022
 -24.568    4.486  128.299    4.980
 101.200    2.641   95.766    2.877
  95.458    2.084   96.001    2.486
 -41.930    4.358  118.873    4.843
-124.673    0.972   81.678    1.163
  99.411    2.849  101.532    3.215
 102.408    1.876   89.994    2.210
  42.600    3.128  124.538    3.558
 -61.674    5.537  134.305    6.063
  97.526    3.273   98.252    3.660
 101.640    1.787   95.355    2.067
  49.668    5.165  112.140    5.482
  96.932    2.200  113.777    2.319
 -23.429    4.544  122.330    5.184
 -65.203    5.586  110.710    6.425
  32.866    5.938  103.746    6.713
  71.859    2.772  130.547    3.180
  47.301    5.174   87.771    6.182
  75.672    2.717  128.361    2.920
  90.011    3.648   96.560    3.851
 102.417    1.770   99.125    1.932
  26.322    2.812   98.093    3.326
  62.527    2.863  119.462    3.265
  78.693    3.533   90.373    3.855
  45.402    5.743  118.694    6.161
 100.329    1.765  100.640    1.888
  29.249    1.327  113.562    1.522
  56.128    5.330   88.433    6.399
  65.531    4.315  102.193    4.824
  93.664    2.352  121.240    2.476
  45.860    5.308  112.673    6.075
  60.364    4.973  122.027    5.529
 100.390    1.786  103.193    1.893
  -2.722    5.178  143.820    5.523
   9.725    3.503  119.897    3.854
  -9.470    3.930  106.752    4.236
  26.487    3.691  129.157    4.116
  36.109    6.431  115.410    7.291
 -49.286    4.873  101.279    5.444
  85.421    2.659  117.649    3.055
-127.415    0.802   69.750    0.997
  39.110    5.466   95.450    6.601
  48.897    5.068  115.308    5.672
-128.591    0.678   74.039    0.821
-105.624    6.747  111.379    7.640
 105.907    2.718   94.810    2.917
 -96.891    7.326  127.587    8.086
 102.200    2.457   99.340    2.772
  95.798    3.107  115.432    3.228
 -91.748    6.832  117.264    7.719
 110.788    2.121   86.662    2.399
 -63.255    5.440  100.627    6.274
  96.674    3.388  112.493    3.815
 106.437    1.882  106.220    1.874
 -26.340    4.273  114.729    4.575
  82.069    2.757  109.642    3.209
 -54.117    4.861  109.730    5.555
  93.150    2.557  126.374    2.765
 -19.941    3.742   91.438    4.411
  33.365    3.446  121.355    3.947
 -83.059    6.506  108.387    7.511
 107.643    1.937   94.919    2.251
 -86.121    6.462  106.838    7.232
  86.977    3.882  109.231    4.198
 -15.008    4.729  129.112    5.344
 -59.407    6.334  115.200    7.007
  54.759    5.555  110.267    6.268
 108.165    1.860   98.389    2.141
  26.599    4.626  114.221    5.266
  58.566    3.069  120.283    3.445
 -86.559    5.247   88.163    6.184
 107.174    2.102  111.196    2.102
  45.616    5.939  107.659    6.919
  87.100    3.923  113.199    4.293
 115.064    1.873  102.946    2.001
 -43.594    5.153  128.876    5.632
  81.558    2.513  117.791    2.861
 -42.361    5.190  128.010    5.707
  90.239    2.377  105.906    2.740
  72.568    4.409   93.643    5.256
 -34.238    4.827  137.375    5.173
 -83.115    6.661  113.135    7.411
  79.103    2.941  107.937    3.413
   4.160    4.003  123.318    4.400
 108.682    1.778  103.698    1.839
  56.034    5.183   96.859    6.317
   2.399    4.801  125.939    5.232
  25.550    3.457  103.062    3.999
 -51.235    5.700  101.650    6.450
 107.820    2.221  112.767    2.295
  -1.693    4.342  102.516    4.997
  39.992    3.453  114.798    3.936
 -64.381    5.758  102.889    6.681
-112.483    0.835   83.005    0.957
 -35.791    5.266   96.861    6.018
 -21.590    4.191  101.125    4.670
  60.866    5.017  114.977    5.180
 111.681    1.845  107.425    1.869
 -32.121    4.680   95.231    5.352
  44.646    3.590  127.652    4.058
  34.944    5.756  106.927    6.784
  93.559    2.556  111.805    2.894
  35.911    3.419   99.749    4.038
  82.329    2.750  102.875    3.188
  57.700    5.092   98.852    5.766
 -85.671    1.172   91.015    1.288
 -72.154    1.831  121.070    2.051
 -77.838    2.106  105.207    2.347
 -76.914    3.741  116.817    4.199
 -56.494    5.821  121.459    6.597
 -56.067    5.982  133.411    6.368
 -83.582    1.654  119.464    1.847
 -81.647    6.140   99.367    7.072
-102.607    0.961   80.267    1.126
 -68.947    3.609   88.060    4.147
 -20.507    4.324   97.529    5.059
  56.165    4.845  107.916    5.379
 100.285    2.440  108.197    2.727
 -51.349    5.715   97.455    6.660
 109.859    2.031  106.465    2.143
 -62.385    6.091  102.185    6.954
  62.189    3.082  124.706    3.420
 -33.483    6.235  148.533    6.996
 -41.788    5.243  117.140    5.852
 -66.868    6.905  122.924    7.518
 -21.160    4.380   98.020    5.080
   9.276    4.028  102.000    4.778
 -57.078    5.810   98.647    6.486
  13.709    3.897  122.714    4.532
   1.963    4.855  126.028    5.466
 109.449    2.815  100.655    3.097
 115.686    2.351   91.937    2.627
 106.867    3.067  104.426    3.274
 121.079    2.198   85.469    2.408
 -59.466    5.096   85.269    5.950
  35.228    3.386  100.989    3.994
  97.120    3.080   96.949    3.415
 119.813    2.056   89.769    2.324
  -6.403    4.557  122.872    5.145
  33.059    6.808  100.184    8.006
  91.056    2.506  116.555    2.835
  90.925    3.645  104.241    3.876
 120.547    1.871   89.050    2.189
  57.058    5.023  104.232    5.341
 111.232    2.156  109.816    2.370
  28.698    2.350  126.448    2.613
  88.177    2.939   96.841    3.433
  59.096    5.301  108.255    6.002
  95.202    2.730  119.578    2.909
  41.519    3.655  127.381    4.156
  81.046    4.155  104.150    4.577
 120.677    1.882   89.600    2.198
  14.512    0.796   73.303    0.981
  57.340    5.074  102.125    5.833
  82.085    4.323  103.705    4.571
  30.099    2.492  123.827    2.647
  40.383    4.991   85.703    6.043
 120.273    1.845   93.049    2.105
  25.789    1.015   93.278    1.199
  82.309    4.548   86.806    5.514
 114.608    2.352  114.827    2.619
  52.572    5.337   89.514    6.513
 -19.987    4.558   97.702    5.225
  55.993    3.447  118.368    3.860
 -40.072    5.959  131.860    6.627
 -26.000    5.325  106.874    5.990
 121.343    1.931  102.287    2.078
  67.886    4.840  102.699    5.343
  94.752    2.781  117.350    3.177
  89.146    2.954  107.649    3.343
  45.333    3.685   87.929    4.568
 -60.990    5.263  102.336    6.124
 -94.950    0.965   84.164    1.122
 -53.057    5.792   95.544    6.664
 -68.967    1.414  115.411    1.587
 -94.273    0.853   79.254    1.015
 -28.700    4.738   94.602    5.380
 -75.102    2.094  122.038    2.323
 119.173    0.878   83.104    0.991
  46.859    5.744  121.028    6.342
 -73.434    4.560   87.875    5.158
 -50.679    5.223   80.507    6.137
 -43.817    6.288  139.863    7.013
  11.537    4.266  132.422    4.860
   6.914    4.499  111.280    5.043
 -46.465    5.893  103.357    6.587
  76.301    3.044   98.374    3.548
  31.259    3.925  116.110    4.551
  -4.159    4.863  129.335    5.353
 111.666    2.356  105.984    2.646
 116.433    2.807   94.499    3.154
  56.536    5.676  118.311    5.940
 111.397    3.134   92.043    3.582
 123.896    2.666  103.141    2.820
 122.913    2.087  101.598    2.238
 -19.050    4.385   88.259    5.185
 105.184    3.486   94.688    4.170
 125.198    2.340   88.655    2.594
  38.844    3.510  112.731    4.051
  97.827    3.528   95.671    4.042
 128.858    2.164   91.996    2.428
  -0.987    4.142   91.884    4.876
 -43.475    6.272  104.027    7.117
  38.598    1.807  125.663    2.052
  96.300    2.629  110.491    2.986
  93.474    4.437  106.976    4.975
 130.773    1.982   91.165    2.170
  51.588    3.707  124.816    4.199
 -64.864    6.625  109.759    7.371
  47.450    6.422  135.871    7.200
 126.160    2.257  114.163    2.361
  88.177    2.897  103.013    3.302
  42.491    4.730   93.353    5.288
 113.539    2.529  106.055    2.862
 -14.961    4.907   94.500    5.618
  80.921    4.198   93.860    4.762
 128.106    1.916   89.980    2.230
  42.273    5.385   90.096    6.530
  83.591    4.638   97.543    5.416
  51.237    6.077   96.818    7.293
 129.278    2.054  100.741    2.331
  70.019    4.975  102.498    5.418
 128.027    2.323  104.385    2.648
  69.662    3.569   91.194    4.179
  50.999    5.124   90.488    5.970
 -34.532    6.348  134.166    6.639
 -29.442    5.988  141.377    6.544
 -40.653    6.608  130.023    7.283
 -54.601    7.349  152.701    7.902
 -63.419    1.518  121.539    1.710
 -18.919    4.913  105.256    5.562
 -62.588    3.525  105.486    3.985
 -54.934    6.078  116.091    6.909
  22.193    4.657  130.124    5.171
   0.921    5.299  131.207    5.960
  33.031    4.130  104.386    4.854
 -65.648    3.438   90.951    3.942
 -51.477    5.928  103.813    6.921
 -38.067    7.127  147.191    7.640
  37.313    1.454  116.736    1.660
  67.734    4.672   99.062    5.211
  48.936    5.075   84.242    6.214
 129.354    2.082   96.378    2.379
  97.169    2.849   95.897    3.315
 101.630    2.590  107.507    2.908
  -4.595    4.848  107.550    5.590
  37.466    4.123  110.527    4.895
 -14.055    6.455  131.210    7.446
 -37.006    5.492  108.901    6.124
 121.681    3.209   87.450    3.822
 117.931    2.845   89.965    3.161
  60.941    5.794  107.251    6.691
  80.558    3.304  122.075    3.450
 112.039    3.682   93.973    4.242
 129.301    2.763   93.023    3.092
 -62.376    2.279  119.567    2.531
 -18.542    4.311   92.171    4.999
  48.069    3.723  112.670    4.335
 100.807    3.447   92.210    3.957
 125.187    2.322  101.941    2.663
 132.761    2.344   88.287    2.552
 136.210    2.249   97.411    2.598
  95.166    3.654   91.220    3.852
 -10.935    4.811   87.491    5.574
 133.829    2.286   89.793    2.470
 -39.382    6.557  126.718    7.460
  76.004    3.529   98.700    4.143
 -32.087    5.268   93.961    6.121
 -54.437    5.085  134.197    5.650
  90.285    4.187   94.248    4.802
 109.136    2.635  105.724    2.872
 -48.643    5.664  103.873    6.680
 -79.058    1.057   86.097    1.248
 135.908    2.069   87.972    2.393
  92.120    2.971  118.033    3.356
  59.742    5.120   92.298    5.900
  52.650    6.210   96.619    7.490
 134.581    2.194   94.340    2.514
 121.696    2.551   96.665    2.910
  72.488    4.717  108.756    5.287
 134.975    1.951   82.944    2.240
   3.590    4.897  124.231    5.417
  24.311    4.581  105.646    5.393
 -17.077    4.686   92.739    5.530
  72.283    3.615  106.618    4.218
  -2.016    4.898  113.801    5.517
  31.829    4.461  110.359    5.197
 -60.201    1.096   96.851    1.269
 -60.124    6.187  124.338    7.018
 -10.828    5.149  127.112    5.654
  49.212    4.111  125.191    4.284
  81.995    5.800  117.387    6.166
 141.507    2.022   87.406    2.326
  62.764    4.898   95.832    5.399
 135.837    2.349   97.629    2.671
 -45.838    5.403  101.756    6.306
 105.027    2.788  102.697    3.134
 -32.975    5.596  122.792    6.387
  50.431    3.110   86.164    3.857
 110.836    2.845  117.275    3.165
 -17.394    4.975   93.679    5.966
  -3.856    5.064  109.223    5.826
  56.224    3.897  112.482    4.559
  83.981    3.199  111.398    3.432
 -67.899    1.260  110.702    1.415
  76.220    4.861   96.216    5.544
 139.489    2.200   94.679    2.477
  59.210    4.920   78.334    6.099
 -39.812    5.849  129.610    6.621
 -63.611    1.013   74.340    1.221
 -13.351    4.703   89.590    5.613
 -45.441    6.197  137.794    6.894
 -51.185    1.215  111.151    1.374
 -46.373    6.379  142.152    7.067
 -72.752    0.869   79.270    1.021
 -34.081    5.260  110.944    6.037
  57.933    5.010   96.260    5.978
 -52.665    2.026  119.075    2.289
 -12.310    5.368  104.655    6.237
  55.503    4.260   99.050    4.948
 -29.494    6.260  130.463    6.958
  14.346    5.437  134.463    6.123
 -50.460    5.016  100.078    5.840
  12.336    4.499  112.593    5.146
   0.099    5.251  104.589    5.938
  71.633    3.368  102.129    3.966
 -47.409    2.113  120.728    2.365
  29.498    3.898   88.428    4.732
 124.580    3.378   88.590    3.919
   7.276    5.440  115.928    6.291
 108.603    3.481   87.306    4.096
 126.919    3.147   88.202    3.506
 126.377    2.300   90.644    2.594
  99.473    3.999   99.060    4.471
 140.171    2.790   88.377    3.151
 -27.498    5.383  102.829    6.189
  61.743    5.222   90.161    6.419
 104.565    4.256  106.603    4.567
  35.384    5.208  130.026    5.822
 144.291    2.552   89.088    2.965
 142.350    2.165   91.967    2.437
 101.454    3.151  105.355    3.494
 -10.651    4.948  111.594    5.684
 110.358    3.040  108.581    3.455
  95.436    4.015   83.597    4.740
 140.849    2.446   80.448    2.887
  83.662    3.686  127.672    3.954
  49.139    4.131  107.365    4.904
  89.055    4.741   93.421    5.601
 145.502    2.084   85.818    2.351
  51.673    2.469  103.776    2.757
  63.058    5.292  104.611    5.486
 122.426    2.648   99.871    2.943
 140.034    2.385   98.151    2.678
 -38.635    4.220  113.831    4.661
  86.940    5.639  112.851    6.057
 -13.997    5.325   94.785    6.283
 146.892    2.145   79.398    2.436
  57.699    5.903  101.935    7.055
  82.441    5.401  104.837    6.237
  39.775    0.846   74.144    1.051
 144.652    2.300   90.431    2.600
  75.064    3.710   96.421    4.401
  76.910    5.029   93.724    6.092
 143.510    2.572  101.921    2.867
 106.038    2.694  107.844    3.032
 -22.423    6.383  129.459    7.248
 -43.948    3.144  111.773    3.553
  91.830    3.268  102.258    3.636
   8.350    4.900  113.966    5.543
 119.535    2.853   94.492    3.237
   9.460    5.137  119.305    5.864
  12.749    4.990  124.301    5.734
 -18.403    5.702  121.839    6.475
  15.668    5.661  111.786    6.557
  32.768    4.288   92.912    5.150
  76.989    3.708  123.668    4.164
 146.921    2.146   89.357    2.302
  61.334    3.209   92.657    3.903
   1.462    5.138  106.369    6.014
 -35.011    4.628  124.503    5.130
  33.592    4.190  111.424    4.828
 -12.282    6.238  113.298    7.218
 -16.596    5.604  102.221    6.473
 135.994    2.602  106.539    2.850
  -5.041    4.990   97.864    5.851
 -52.967    1.328  115.010    1.536
 128.589    3.679   90.806    4.279
 121.377    4.069   96.193    4.742
 132.592    3.581  101.774    3.874
  74.744    4.893   84.021    6.036
 -32.938    6.747  128.913    7.328
  64.053    4.435  104.301    5.224
 102.709    3.208   92.797    3.602
 115.637    4.358   94.454    5.113
 136.988    3.010   84.673    3.533
  93.042    3.437   95.021    3.946
 149.264    2.177   90.667    2.347
 118.454    2.864  110.801    3.245
 108.968    4.258   96.758    4.866
 145.311    2.653   88.333    3.088
  23.537    5.693  116.890    6.621
   3.891    5.755  131.051    6.408
  98.547    4.775   98.527    5.653
  29.356    4.771  114.303    5.123
 151.192    2.401   72.665    2.859
 -34.708    4.577  129.907    4.990
  47.560    1.599  123.610    1.809
   2.670    5.269  104.186    6.198
  24.343    5.152  121.141    5.642
  71.106    3.668   93.931    4.361
 125.460    2.878  105.743    3.124
  78.963    4.733   78.706    5.810
 108.167    5.361  109.917    5.875
 148.453    2.191   78.158    2.433
 145.977    2.409   96.339    2.685
  -6.129    6.094  112.598    7.110
  37.625    5.234  142.534    5.693
 -39.181    2.283  129.430    2.575
  98.269    3.467   95.625    3.997
  92.700    5.290  113.514    5.719
 154.217    2.219   71.698    2.608
 115.706    2.987  111.602    3.457
  74.024    5.306  103.886    5.505
  46.146    0.790   77.936    0.966
 -16.147    6.976  129.612    7.822
  87.955    4.057  111.225    4.712
 143.847    2.432   88.142    2.787
 -12.949    6.386  137.867    7.064
  51.231    5.111  130.697    5.707
 128.931    2.717   90.592    2.986
  93.635    4.803   83.696    5.740
 153.587    2.336   79.207    2.806
  92.704    4.979   92.900    5.963
 156.444    2.097   78.001    2.529
 -19.847    4.090  100.276    4.725
  66.582    4.145  107.212    4.829
  50.350    2.200  130.913    2.453
  83.129    4.801   96.883    5.628
 129.879    4.134   98.517    4.695
 122.162    4.255   96.832    4.883
 140.509    2.523   87.898    2.870
 136.774    3.864  110.782    4.108
 115.445    4.436   95.368    5.096
  49.468    1.155  102.378    1.350
 -45.021    1.291  114.284    1.462
 108.896    3.208  106.419    3.499
  15.536    5.246  119.650    6.031
  28.751    5.179  121.735    6.000
 144.087    3.180   81.936    3.764
 113.526    4.469   99.377    4.949
 -35.595    6.516  121.147    7.135
  87.973    3.681   96.369    4.282
   0.555    5.569  128.905    6.139
  29.665    5.236  107.394    6.162
 120.516    3.075  118.054    3.511
 150.651    2.165   81.512    2.464
 146.910    2.924   81.956    3.462
  99.924    5.050  104.025    5.653
   1.949    6.303  113.852    7.258
  26.817    5.481  134.944    5.679
  73.711    5.059  108.157    5.440
  81.204    4.602  117.897    5.273
 154.845    2.709   69.962    3.257
 105.513    5.391   95.340    6.356
 126.560    2.861   98.702    3.223
  -4.912    5.983  110.254    7.012
  42.364    4.881   93.485    5.890
 153.526    2.367   78.933    2.804
 149.883    2.639   74.278    3.036
  92.138    5.498   99.005    6.355
 104.357    3.303   94.883    3.790
 -11.459    4.295   93.851    5.025
 112.724    3.350  100.496    3.817
  58.809    4.086  101.575    4.840
 -31.875    5.226  128.562    5.724
 154.865    2.524   81.925    2.889
  75.811    0.901   83.540    1.064
  89.107    3.666   97.693    4.210
  64.065    4.166   89.351    5.061
  94.979    5.064   91.183    5.935
 148.899    2.456   93.276    2.689
 129.814    3.349   98.224    3.675
 150.897    2.366   77.789    2.817
  19.419    5.498  137.606    6.321
  15.699    5.875  113.403    6.798
  25.336    5.350  104.095    6.329
  67.452    4.650   98.671    5.381
  -6.788    7.542  153.889    8.255
  27.736    5.092  120.165    5.428
 -30.999    2.567  119.475    2.846
  -2.934    5.582  112.154    6.462
  76.884    4.906   89.674    5.796
 153.854    2.428   82.311    2.849
  36.160    5.381   93.636    6.378
 109.532    3.391   90.049    3.914
  92.271    3.673  112.320    4.039
 140.573    2.597   93.514    2.780
 -16.532    6.867  141.554    7.691
 124.256    3.204  111.753    3.523
  88.034    4.304   96.585    5.010
  55.851    4.615   99.272    5.453
 -30.851    7.238  124.387    8.271
  78.814    4.928   96.153    5.788
 125.752    4.756  107.594    5.185
 120.500    4.338   93.433    4.897
 135.326    4.129   99.654    4.758
 120.197    4.709   86.454    5.352
 155.847    2.296   81.764    2.585
 140.724    3.441   88.490    3.979
 115.699    5.352  101.738    6.157
  25.498    5.434  103.830    6.465
  -9.951    5.575  101.030    6.393
   4.587    6.448  114.913    7.381
   5.984    5.582  138.815    6.237
  65.313    4.368   92.661    5.272
 147.974    2.927   72.769    3.483
   5.620    5.792  116.689    6.343
 136.285    3.033   99.258    3.503
  85.485    5.176  101.998    5.597
 104.907    4.768   85.789    5.628
  16.975    6.114  139.980    6.394
 101.099    3.422   83.675    3.889
 156.474    2.804   68.015    3.388
 -38.440    1.756  127.766    1.978
  82.917    3.697   86.584    4.352
 -45.861    0.974   84.754    1.110
 156.484    2.357   70.438    2.758
  -4.436    4.944  126.274    5.594
 113.521    3.703  114.799    4.070
 105.148    4.981   88.316    5.946
  39.315    5.797  114.446    6.722
 156.531    2.616   75.724    3.029
 -21.801    8.351  156.044    9.020
  82.493    4.906  104.575    5.652
  92.754    4.743   82.779    5.663
  -8.290    6.285  117.773    7.071
  48.475    5.263  114.537    6.069
  74.834    2.026  101.721    2.218
 166.910    2.799   74.642    3.383
 140.153    3.154   84.272    3.642
 148.538    2.458   79.127    2.850
  92.459    5.036   87.548    5.990
 157.740    2.791   75.201    3.387
  96.868    3.801  100.440    4.353
 -18.026    6.444  110.704    7.553
  61.570    4.804  104.112    5.687
 113.885    3.422   92.087    3.908
 -24.271    4.833  112.694    5.492
  95.676    4.098   94.996    4.658
  51.689    1.436  104.652    1.608
  10.375    6.724  136.322    7.752
  17.011    5.160  102.051    6.150
  91.601    5.549  102.458    6.278
 146.327    2.890   90.829    3.127
 159.783    2.713   82.260    3.210
   3.214    5.925   96.417    6.668
  29.931    5.281  116.496    6.025
 122.347    3.088   96.495    3.464
   4.344    6.279  102.606    7.274
  40.261    5.507  100.589    6.638
 -12.350    6.445  122.631    7.370
  68.123    5.161  121.898    5.729
  96.721    5.238   92.474    6.281
 -45.335    1.148   98.022    1.320
 127.989    4.377   95.110    4.991
 154.407    2.784   78.014    3.215
 125.546    4.494   97.870    5.228
 131.125    4.261  100.996    4.782
  49.922    5.324  107.231    6.192
 122.098    4.561   79.465    5.220
 152.801    3.589   83.595    4.163
 105.800    3.828  101.310    4.227
  92.272    3.892   88.198    4.497
 142.853    3.189   97.079    3.585
 117.311    4.419   78.106    5.305
 150.582    3.389   78.030    3.945
 -32.077    1.860  125.793    2.080
  -8.096    5.647  109.303    6.006
 115.315    3.676   99.807    4.192
  99.152    7.510  143.587    7.956
  79.767    4.147   94.333    4.857
  54.771    5.031  105.995    5.862
 112.045    5.384   92.292    6.334
 152.649    3.432   81.216    3.822
 162.264    2.890   79.258    3.387
 101.849    4.699   80.556    5.671
 149.206    3.042   78.118    3.503
 138.391    3.479  101.900    3.968
  99.977    4.688   81.127    5.658
 153.629    3.161   80.503    3.806
  -2.883    6.188  109.410    7.270
  16.247    6.210  111.111    7.405
  62.698    6.573  150.595    7.068
   6.675    5.932  127.167    6.562
  33.673    5.890  103.882    6.976
 147.180    3.103   88.087    3.516
  97.895    4.000   98.705    4.600
  18.585    6.930   95.520    8.140
  31.499    4.996   97.854    6.060
 -41.222    1.215  105.667    1.395
  92.847    4.165   94.194    4.893
 106.125    3.458   93.216    3.894
  97.775    4.677   83.146    5.474
 153.179    3.293   89.322    3.896
  10.435    6.307  122.852    7.072
  41.104    6.133  103.294    7.180
 143.137    3.195   91.117    3.619
 127.474    3.363   98.770    3.862
 -15.327    2.654  114.696    3.003
  74.809    4.667   90.080    5.339
 102.221    4.585   82.683    5.336
 158.186    3.084   82.730    3.493
  -2.868    6.737  126.154    7.575
  53.830    5.434  124.643    6.229
  -1.022    6.046  114.360    6.907
 -31.503    1.551  120.737    1.750
  84.296    6.471  113.255    7.501
  79.899    4.235  107.580    4.570
 124.119    4.531   87.930    4.998
 138.115    4.272   77.562    4.890
 124.403    4.407   74.534    5.155
 144.237    4.383   93.543    5.084
 112.358    4.390   78.993    5.105
 151.147    3.049   82.499    3.497
 153.452    3.822   82.444    4.483
 101.411    3.909   87.689    4.549
 -19.601    4.835   94.289    5.689
 101.566    5.083   89.831    5.944
 109.185    3.538   93.522    3.996
  68.208    4.885   91.963    5.596
  18.704    5.308   98.596    6.505
 161.249    3.706   75.317    4.348
  61.287    1.875  125.490    2.149
 146.164    2.915   80.277    3.450
  19.261    5.268   82.683    6.416
  15.541    5.887  116.250    6.668
  81.006    4.436   97.039    5.073
 102.797    4.843   94.385    5.647
  11.761    7.479  127.785    8.591
  28.913    6.075  111.400    7.154
 129.327    3.985  100.928    4.350
 151.065    3.385   78.811    3.837
 152.360    3.340   86.010    3.678
   5.181    5.798  108.617    6.655
 103.360    4.254   76.437    5.039
  27.347    5.977  121.444    6.717
 158.055    3.185   73.324    3.679
  70.367    5.521  104.906    6.309
 106.175    5.055   88.114    5.824
 135.475    3.367   96.367    3.819
  -7.756    6.427  106.650    7.558
  58.654    5.355  107.106    6.271
 160.287    3.123   72.935    3.830
  97.230    3.375   78.914    4.103
  90.817    3.707   79.992    4.414
 148.338    3.315   92.462    3.726
 115.254    3.857   98.060    4.291
  -7.973    3.161  114.006    3.602
  62.691    5.709  102.909    6.475
  78.021    4.486   92.215    5.206
  91.217    4.735   82.231    5.634
 154.364    3.249   91.849    3.812
  94.234    5.883   95.550    6.985
  33.321    6.535  108.945    7.759
 -14.377    1.858  115.169    2.121
  20.866    5.347  109.530    6.150
   8.779    6.120  121.438    6.977
  21.001    5.491  100.212    6.563
 135.476    3.283   85.067    3.834
  -3.393    5.998  110.842    6.992
 149.833    3.603   94.145    4.202
  42.519    6.977  101.424    8.178
  84.144    5.562   97.173    6.471
  -9.648    4.753  114.833    5.207
 158.437    3.242   81.758    3.814
  87.822    4.212   94.738    4.896
  42.158    5.516  110.480    6.023
   0.708    2.568  127.017    2.934
  85.106    4.435   91.945    5.149
 124.178    4.047   98.692    4.494
  84.587    5.106  106.539    5.644
  49.174    6.416  112.622    6.984
  24.534    6.220  124.437    7.050
   7.402    6.302  118.249    7.086
  19.163    7.630  125.004    8.932
  97.008    5.482   87.763    6.616
 126.492    4.172   80.226    4.854
 134.958    4.268   79.386    4.794
 129.871    5.060   91.113    5.615
 147.489    3.255   75.962    3.734
 134.703    3.972   80.084    4.564
 148.642    3.527   90.963    4.149
 139.496    5.642  105.766    6.340
 128.230    3.542   86.495    4.104
 139.550    4.328   87.906    4.877
   2.292    6.200  105.710    7.134
  28.524    5.588  101.606    6.630
  78.777    2.858  120.978    3.156
 119.556    5.082   90.259    5.891
 142.901    4.177   77.820    4.809
  53.584    5.603   95.206    6.609
  28.104    6.634  114.587    7.645
 119.113    4.963   93.822    5.844
  88.465    4.378   93.613    5.099
 152.943    3.373   85.188    3.834
 149.858    3.457   69.187    4.025
 109.806    3.995  103.157    4.578
  91.231    4.600   94.723    5.334
 102.154    4.966   93.238    5.878
  23.056    6.054  107.738    7.134
 138.522    3.326   77.820    3.964
 152.895    3.199   60.010    3.913
  68.754    1.131   82.328    1.365
 120.509    3.755   97.384    4.136
  67.692    5.814  115.039    6.278
  49.716    6.634  134.847    6.978
 145.903    3.507   94.974    4.024
 111.256    5.308   90.325    6.042
 154.098    3.862   80.981    4.430
 -80.602    0.851   82.577    0.987
 -31.529    1.404  114.049    1.603
   8.501    6.589  131.354    7.512
  16.906    7.018  133.284    7.882
  25.516    6.373  101.657    7.718
 100.362    5.639  105.792    6.228
 136.067    3.682   92.600    4.235
 153.910    3.419   81.108    4.049
 107.141    4.188   92.777    4.720
  82.917    4.839   91.615    5.551
  97.821    6.146   94.459    7.310
 147.050    3.140   78.181    3.682
  43.085    5.836   91.380    6.667
   8.497    2.990   91.763    3.572
 121.890    4.169   95.116    4.769
  76.420    5.072   95.064    5.771
  22.910    6.334   99.505    7.579
 154.577    3.187   73.000    3.727
  39.053    6.231  132.208    6.955
 104.718    6.161   91.696    7.476
  68.781    5.859  112.958    6.572
 129.679    4.397  105.826    4.698
 141.527    3.685   92.730    4.264
  54.122    6.150  103.035    7.243
 154.861    3.395   74.472    3.916
  99.119    4.140   87.520    4.702
  75.867    4.565   84.251    5.270
 144.650    4.118   80.349    4.860
 135.967    4.580   89.870    5.381
 140.219    4.259   80.636    4.798
 138.993    3.949   81.294    4.663
 113.169    4.281  111.814    4.835
 137.040    4.929  103.430    5.462
 144.069    3.800   79.364    4.418
  51.840    5.015  108.319    5.899
   8.399    6.309  112.517    7.341
  15.879    3.803   94.665    4.537
  82.027    5.713  101.609    6.435
  22.765    5.728   99.345    6.691
 121.876    5.218  102.264    5.981
 154.799    4.063   74.496    4.746
  72.080    1.623  109.934    1.853
 156.378    3.679   86.359    4.182
 -30.484    0.921   91.336    1.084
 143.130    3.830   80.177    4.473
  34.037    6.698  125.021    7.396
 114.204    3.989   93.784    4.530
 118.312    5.031  102.876    5.824
 143.311    3.988   81.401    4.541
 -10.797    1.898  123.637    2.175
  99.735    5.335   93.304    6.410
 151.303    3.967   80.746    4.415
  26.727    6.656  133.059    7.609
  67.885    0.861   78.559    1.038
 158.063    3.898   94.278    4.346
  62.783    5.960  108.511    6.537
  94.379    6.313  103.899    7.288
 144.271    4.735  105.048    5.254
  84.164    4.758   99.696    5.347
 103.870    4.931  105.986    5.588
 102.555    5.254   93.890    5.375
 129.048    3.591   80.768    4.116
  68.229    5.390  106.183    5.966
 148.857    4.039   91.466    4.674
  96.117    5.967   99.943    6.494
 138.217    3.661   99.480    4.228
 110.839    4.117   95.739    4.788
  41.195    6.515  133.878    7.394
 141.511    3.686   69.465    4.378
  85.497    2.132  101.530    2.329
  69.494    5.446  105.374    6.238
 126.835    3.889   81.834    4.549
 144.503    3.817   90.945    4.336
 -27.408    0.834   76.486    1.005
 -52.673    0.822   80.917    0.969
   4.900    6.525  117.348    7.433
  23.059    6.001   94.423    7.139
 102.297    4.290   82.949    4.881
 160.899    3.731   62.098    4.585
  74.048    5.176  103.356    5.860
  29.927    4.359  104.270    4.613
  67.482    5.943   94.736    6.999
 112.128    3.941   92.186    4.649
 140.766    4.813   96.795    5.202
 130.024    5.065  105.140    5.599
 127.020    5.278   92.056    5.883
  76.701    4.841   85.684    5.732
 136.107    4.778   97.807    5.484
  26.769    5.820  104.851    6.618
 125.223    5.051   85.474    5.906
 -22.136    1.508  118.433    1.721
 148.648    4.010   77.560    4.753
  77.903    1.709  108.741    1.911
 122.257    5.303   88.624    6.211
 110.958    7.698  158.432    8.081
 155.624    4.168   71.656    4.890
  30.793    6.386  134.287    7.174
 134.793    4.339   88.125    4.960
 120.648    4.175   88.651    4.914
 111.258    6.276  119.556    6.960
 155.022    4.202   84.237    4.689
  59.778    5.743  109.797    6.471
  42.227    6.111   94.592    7.369
 106.228    5.807  106.945    6.598
 153.316    4.640   90.116    5.137
  97.928    5.064   94.894    5.775
  92.780    1.088   84.001    1.296
 -42.241    0.917   90.728    1.052
 143.191    4.527  103.425    4.945
  70.984    4.557   79.382    5.514
 103.539    4.439   93.637    4.912
  -9.302    0.885   92.002    1.034
  98.588    5.316   96.806    5.781
 152.550    4.592   88.810    5.411
 133.492    4.002   83.481    4.453
  92.695    3.375  107.730    3.581
 159.982    4.617  107.573    5.265
 119.932    3.994   84.554    4.864
 131.203    4.843  122.030    5.593
  89.182    1.994  103.510    2.302
  71.531    5.303   99.776    6.189
  50.745    6.655  102.008    7.895
 157.732    4.449   92.877    5.057
  81.984    1.535  121.971    1.729
  13.881    3.034  116.795    3.369
  13.512    6.814  115.018    7.572
  23.507    3.544  106.194    3.915
 125.195    3.694   81.364    4.270
  49.451    5.967  103.240    7.058
  85.371    4.855   95.514    5.554
  24.052    6.253  121.733    7.292
 101.293    5.033   96.907    5.518
 139.974    4.287  103.592    4.985
 -24.609    1.232  107.057    1.425
  70.185    4.788   87.687    5.706
  36.248    3.305  117.366    3.802
 122.393    3.965   80.922    4.713
 162.956    4.437   86.115    4.876
  -7.402    0.797   80.915    0.956
  68.991    5.988  108.764    6.965
 135.244    5.217   89.868    5.939
 133.093    4.897   87.726    5.837
 134.891    6.250  110.326    6.921
 144.700    5.119   88.994    5.995
  37.443    4.784  117.964    5.408
 132.829    5.451   86.701    6.245
  71.922    1.187   99.137    1.370
 141.162    4.836   84.420    5.525
 126.692    4.624   76.562    5.321
 150.294    5.311  100.408    5.799
 123.307    4.115   88.069    4.715
 131.822    4.201   94.642    4.796
 155.770    5.330   94.259    5.965
 127.282    5.066   82.596    6.198
 153.117    5.025   97.212    5.376
  96.635    5.533  109.085    6.130
 119.291    5.197   88.810    6.328
  80.162    6.489  144.936    6.973
 151.346    4.738   96.823    5.498
 149.256    5.029  107.946    5.453
 111.788    4.473   88.355    4.977
  10.081    2.110  121.828    2.431
 103.796    4.990   83.857    5.354
  -1.020    1.596  120.410    1.826
  41.662    6.495  105.308    7.395
 151.160    4.642   94.948    5.292
 133.885    4.192   91.528    4.611
  70.525    5.075   86.702    6.050
 118.905    4.023   87.482    4.863
  39.436    3.223   96.293    3.835
 162.179    4.617  104.173    4.985
 138.986    4.637  112.449    5.124
 160.833    3.829   72.905    4.524
 131.067    4.179   78.852    4.915
 -11.621    1.211  101.877    1.404
  43.616    6.942  128.621    7.734
  82.617    5.702   94.976    6.569
 107.014    4.736   82.249    5.369
 142.331    4.389   89.023    4.910
  65.297    5.686  108.941    6.415
 151.582    4.723   91.312    5.104
 126.039    5.344   99.187    6.399
 125.298    5.628   95.491    6.508
 142.983    5.301  103.319    6.098
 114.094    4.492   89.155    5.213
 123.392    5.664   93.458    6.661
 147.816    5.071   86.787    5.832
 117.217    5.544   88.030    6.512
 150.719    5.021   82.407    5.736
 104.356    0.891   71.799    1.063
 110.347    6.734   96.219    7.782
 147.127    5.104   81.142    5.788
 117.707    5.587   99.550    5.944
  75.252    5.941   88.968    7.095
 149.530    5.434  113.165    5.929
 124.907    5.986  122.310    6.546
 149.064    4.610   78.645    5.312
 127.790    4.376   88.361    5.140
  90.464    2.846  119.813    3.037
   5.594    1.894  120.691    2.171
   1.016    1.372  115.530    1.585
 153.199    4.314   70.538    5.273
  90.374    6.376  112.640    7.088
 150.761    5.115  105.563    5.770
  82.424    6.154  106.379    7.169
  -6.103    1.226  111.428    1.416
 106.817    4.875   92.653    5.548
  29.458    2.266  122.419    2.577
 152.733    4.761   86.400    5.574
  61.598    6.013   99.680    7.095
 130.833    4.077   74.767    4.795
   5.310    0.876   92.800    0.992
  74.274    5.690  106.925    6.554
 160.386    5.440  101.230    5.984
 121.460    4.313   91.987    5.094
 150.423    4.232   90.931    4.975
 158.138    4.697   83.839    5.418
  73.327    6.014  108.132    6.892
  99.307    6.861  123.963    7.669
 138.986    4.688   87.445    5.052
  96.209    5.152   91.718    5.832
  39.752    8.124  132.219    9.093
  70.003    6.058  107.186    6.729
 136.975    5.019  105.444    5.669
 121.906    6.560  105.891    7.373
 124.755    5.744  111.306    6.722
 101.215    0.915   77.216    1.062
 117.068    5.898   90.644    6.895
 138.942    5.726  109.800    6.589
 150.127    5.389  103.762    5.741
 121.564    4.364  106.982    4.770
 125.855    4.798   86.194    5.345
 146.424    5.325   84.402    6.197
   9.592    0.808   82.452    0.963
  70.226    4.441  101.262    5.211
 111.289    4.407  123.013    4.603
 141.261    4.680   82.244    5.351
  15.424    2.261  129.286    2.564
 116.705    6.317  107.340    6.879
 145.488    5.078   94.121    5.906
  99.697    7.320  115.958    8.393
 155.173    4.673   87.158    5.370
 137.323    4.288   78.566    5.047
 147.798    5.697  116.285    6.200
 133.848    4.599   81.491    5.267
 157.471    4.884   91.977    5.746
 104.925    5.670  103.957    6.441
  78.927    5.860  102.212    6.673
  65.978    6.704  124.866    7.562
 146.229    4.951  101.202    5.541
 102.042    5.105  100.568    5.697
 163.056    4.156   72.695    4.872
  69.991    7.030  121.932    7.812
 134.758    4.537   80.020    5.103
 153.472    4.569   76.489    5.263
 137.152    4.310   81.035    4.951
  29.068    1.646  128.084    1.872
 141.092    4.572   89.738    5.268
  64.811    3.885  135.087    4.292
 126.570    0.810   78.228    0.933
 162.148    4.492   77.860    5.230
  35.935    2.601  115.405    3.029
 117.443    5.502   91.250    6.371
 137.140    6.775  105.925    7.429
 121.806    5.627   93.925    6.601
 101.468    5.598  104.383    6.474
 135.289    5.304   94.153    6.106
 117.524    4.325   76.604    4.935
  94.198    5.663  100.130    6.488
 142.009    4.792   82.673    5.398
  77.272    5.570  101.956    6.434
 148.039    5.479  104.805    6.134
 149.658    4.863   88.190    5.465
 100.474    2.686  102.949    3.153
 133.934    4.728   78.092    5.421
  30.452    0.782   80.146    0.949
  16.254    1.381  121.714    1.584
 118.029    5.589  102.363    6.158
  86.341    1.607  117.738    1.817
  46.975    4.445  132.321    5.017
 125.669    5.013  101.430    5.379
  88.353    1.314   99.606    1.473
 149.432    4.656   89.495    5.444
 139.796    5.422   93.969    6.175
 150.415    4.326   76.455    4.915
 115.454    4.843   86.999    5.636
 116.890    1.091   85.193    1.256
 131.502    5.944  121.831    6.816
  96.649    4.946   89.398    5.918
  81.454    5.448  117.730    6.085
 135.046    4.778   92.967    5.499
 112.837    4.798   79.878    5.360
 131.912    0.911   73.122    1.069
  61.242    6.339  103.489    7.004
 148.440    4.634   92.028    5.313
  21.905    1.203  111.974    1.398
 128.412    5.203   91.451    5.703
 111.104    5.003   81.918    5.932
 156.934    4.383   80.910    5.216
 130.134    4.802   96.976    5.567
  50.381    3.413  123.909    3.916
 125.005    0.796   91.897    0.871
 144.806    4.421   81.522    5.239
 132.450    5.794  106.601    6.225
 129.166    6.381  103.901    7.224
 121.618    6.563  110.957    7.456
 117.402    3.415   92.861    3.967
  92.730    5.721  100.523    6.641
 133.888    5.788   98.411    6.207
 101.273    1.970  116.981    2.121
   0.671    1.024   96.718    1.206
 102.775    5.640   94.085    6.269
 133.070    5.087   83.572    5.760
  75.383    7.737  134.607    8.560
 144.757    5.296   92.704    5.818
 104.009    1.539  106.079    1.750
 138.964    5.532   95.725    6.155
 152.725    4.348   78.050    5.160
  63.430    7.907  142.335    8.761
 110.308    5.124   79.729    5.996
 135.834    6.016   89.156    6.685
  63.011    7.211  127.774    7.803
 101.346    1.270  100.602    1.419
 137.849    5.394   92.669    6.048
 142.822    0.857   69.486    1.007
 145.889    4.424   89.899    5.186
 142.458    4.677   72.217    5.566
 119.747    4.779   77.923    5.579
 142.868    4.960   88.604    5.503
  95.039    5.801   91.556    6.757
  94.477    5.950   98.538    7.040
 147.391    5.192   81.781    6.142
  84.684    4.741  120.131    5.235
 108.373    5.230   80.781    5.976
 145.234    4.451   83.195    5.234
 146.999    5.243   96.823    5.878
  65.207    3.543  112.048    4.075
  27.617    1.368  120.579    1.567
 135.057    4.926   73.055    5.675
 116.102    5.190   86.022    5.836
   6.110    1.125  103.916    1.317
 144.481    5.590   94.176    6.456
 137.106    4.829   85.521    5.541
 100.571    6.705  112.779    7.643
  85.906    6.600   99.846    7.449
  48.729    2.834  123.017    3.202
 103.168    5.522   83.247    6.496
 146.565    4.898   83.757    5.691
 142.510    5.025   81.861    5.825
 111.482    5.435   91.401    6.181
 132.275    5.961   94.567    6.808
 127.071    6.520  106.708    7.396
 117.605    3.221   98.257    3.616
 126.188    6.132  113.515    6.866
 132.737    6.351  109.815    7.169
 152.317    4.947   82.733    5.897
 131.422    4.987   82.237    5.675
 134.790    5.494   98.847    5.916
  33.421    1.003   93.206    1.188
 137.286    5.170   94.875    5.640
  85.952    6.247   90.081    7.342
 124.329    5.957   96.520    6.767
 102.011    6.373  100.778    7.327
 139.503    4.745   91.446    5.588
 126.384    4.939   87.954    5.463
  63.183    6.699  120.484    7.473
 147.605    5.161   85.471    5.927
  21.592    0.957   92.031    1.147
  93.801    7.085  113.598    7.568
 143.328    5.043   90.460    5.663
  76.837    7.781  132.804    8.494
 137.150    5.005   92.496    5.834
 142.402    4.479   80.877    5.165
 127.569    6.540  103.620    7.112
 122.658    5.587   85.722    6.379
 147.954    4.968   80.213    5.713
 143.448    4.774   80.177    5.464
  50.715    2.525  130.143    2.817
  95.087    4.902   97.218    5.571
  75.349    3.479  100.041    4.097
 114.209    6.531  105.931    7.231
  78.346    6.496  105.079    7.350
 130.377    6.024  102.397    6.914
 146.497    6.057  103.240    6.909
 104.890    6.338  110.038    7.145
 128.674    4.882   80.412    5.535
 106.665    1.710  107.423    1.927
 105.615    1.425  108.288    1.595
 120.816    2.398   99.220    2.670
 148.387    0.827   76.185    0.970
  70.701    1.839  115.471    2.088
 128.069    3.449   95.595    3.805
 146.783    5.574   97.437    6.650
 127.167    5.673   91.666    6.378
  83.830    3.846   97.973    4.475
 113.695    6.484  104.564    7.333
  65.772    2.773  111.108    3.162
 152.879    6.680   95.850    7.706
 135.072    4.963   91.916    5.842
 126.472    6.207  106.145    6.871
 100.405    7.080  112.486    7.459
 135.057    5.603   91.366    6.565
 136.033    6.324   99.311    7.447
  22.195    0.909   96.147    1.082
 146.652    5.480   88.709    6.270
 140.149    6.136  103.606    7.126
 100.912    7.122  114.419    7.873
 119.019    7.055  119.525    7.637
  83.251    3.080  115.542    3.481
  63.376    8.401  144.919    9.364
 151.786    5.768  111.227    6.300
 121.631    7.007  106.737    8.023
 143.387    5.878   98.289    6.772
  45.822    1.302  119.601    1.496
 134.249    5.745   99.656    6.553
 114.036    5.441   87.143    6.355
 105.936    5.965   97.756    6.425
 141.033    4.850   80.635    5.730
 148.672    5.407   85.082    6.207
 140.950    1.315  118.002    1.385
 144.979    0.845   68.084    1.022
 135.717    0.985   81.691    1.114
  95.338    7.703  119.892    8.741
 132.816    5.477  110.910    5.593
  51.080    1.516  118.229    1.751
 110.483    1.307  115.322    1.440
 114.493    1.916   97.178    2.205
 112.918    6.120  104.245    6.806
 134.362    6.507   96.023    7.384
 107.487    7.063  102.060    7.888
 127.987    5.200   84.028    6.079
  36.001    1.204  112.780    1.408
 138.750    5.817  105.250    6.486
 134.732    5.406   95.859    6.104
  76.520    0.801   83.794    0.912
 132.735    3.162   98.166    3.623
 106.289    6.334   87.505    7.098
 132.320    3.273   91.843    3.368
  59.228    1.600  119.645    1.839
  73.173    2.043  118.599    2.292
 134.142    5.566   96.204    6.116
 114.955    6.006  101.875    6.743
 159.735    5.267   80.445    6.240
  61.722    1.094  106.212    1.253
  97.076    6.300   96.641    7.441
 131.535    5.117   94.255    5.432
 140.913    6.066   91.166    7.030
 116.865    6.203   93.248    7.062
 102.840    3.270   95.715    3.703
 139.851    5.444   93.803    6.361
 131.789    6.239   86.296    6.916
 130.613    6.421  106.056    7.540
  98.282    6.734  105.989    7.885
 124.701    2.314   90.521    2.686
  58.200    0.902   81.806    1.101
 114.071    3.029   93.419    3.384
 115.300    1.778   97.466    2.037
 120.628    3.478  104.983    3.866
 102.220    6.529   85.849    7.523
 127.790    6.364  105.842    7.295
  43.723    1.010   99.609    1.189
  94.618    1.454  117.716    1.629
 127.154    6.595  109.149    7.542
  61.089    1.398  117.167    1.581
 131.776    6.607  102.761    7.572
  46.336    0.839   73.551    1.041
 132.920    2.247   97.871    2.457
  79.660    5.221  107.856    6.111
 141.885    6.117   91.735    7.067
 124.598    3.577   93.358    4.059
 110.576    2.149   97.194    2.413
  44.797    0.745   75.754    0.926
 141.542    5.090   70.738    6.354
 120.828    5.842   94.379    6.666
  80.736    2.488  116.583    2.784
 119.044    7.192  126.200    8.062
  84.386    1.550  119.860    1.744
 104.824    1.679  103.531    1.847
 134.960    3.790   99.515    4.165
  53.426    1.178  107.314    1.373
  72.789    1.366  120.557    1.555
  81.294    1.422  122.002    1.648
 125.585    2.405   98.715    2.763
  67.942    1.563  118.236    1.784
 130.076    5.219   84.854    6.029
  92.474    0.820   70.009    1.014
 132.455    3.743   92.905    4.278
 115.893    3.526   99.546    3.981
 117.333    1.844   99.839    2.105
  87.979    1.991  118.276    2.243
 129.094    1.339  121.501    1.397
  84.132    1.087  106.292    1.218
  99.787    1.103  108.600    1.219
  80.672    0.931   93.688    1.074
  83.979    1.181  109.035    1.386
  99.436    1.574  107.405    1.791
  94.388    1.405  113.175    1.616
 101.386    2.056  108.294    2.314
  71.237    1.245  111.002    1.442
  68.619    0.724   81.116    0.830
 156.326    0.858   61.597    1.019
 108.102    0.782   64.945    0.967
  94.875    1.572  118.973    1.781
 101.589    1.407  119.403    1.557
  97.197    1.208  114.753    1.347
 108.125    0.839   79.529    0.985
  95.250    0.841   69.297    1.004
 135.841    0.675   70.315    0.780
 116.732    1.179   97.748    1.262
 144.105    1.032  100.910    1.087
 127.984    1.004   94.007    1.101
 132.131    0.849   65.188    1.039
 161.603    0.736   59.720    0.880
 153.230    0.672   55.871    0.825
 129.425    0.668   77.888    0.754
 156.153    0.752   56.264    0.931
 119.065    0.803   73.499    0.909
 144.161    0.778   55.593    1.002
 152.201    0.711   54.724    0.933
 151.942    0.732   57.934    0.908
  98.245    0.718   68.808    0.848
 120.871    0.775   82.853    0.865
