# v        v_err    sigma    sigma_err
 -11.411    1.673  179.632    2.255   -0.020    0.008    0.040    0.009
 -18.681    1.876  176.836    2.510   -0.022    0.009    0.037    0.010
 -14.763    1.824  174.988    2.439   -0.026    0.009    0.037    0.010
  -9.280    1.773  176.009    2.399   -0.026    0.009    0.041    0.010
 -23.691    2.128  176.591    2.723   -0.028    0.010    0.027    0.011
 -25.033    1.998  173.905    2.585   -0.024    0.010    0.024    0.011
 -11.193    1.967  171.500    2.669   -0.023    0.010    0.041    0.011
 -20.433    2.410  174.000    3.149   -0.021    0.012    0.035    0.013
  -5.073    1.997  172.245    2.768   -0.020    0.010    0.048    0.011
 -31.921    2.648  173.061    3.270   -0.024    0.013    0.003    0.014
  -8.872    2.062  164.878    2.919   -0.017    0.011    0.052    0.013
 -31.449    3.047  170.872    3.890   -0.014    0.015    0.013    0.017
 -18.078    2.368  164.890    3.249   -0.019    0.012    0.038    0.014
 -31.855    2.254  172.184    2.761   -0.022    0.011    0.002    0.012
 -28.494    2.762  164.428    3.665   -0.010    0.014    0.021    0.016
  -2.468    2.004  165.392    2.879   -0.011    0.010    0.056    0.012
 -35.603    2.835  169.541    3.475   -0.006    0.014   -0.004    0.015
 -37.530    2.690  171.473    3.233   -0.006    0.014   -0.011    0.014
 -18.132    2.594  157.154    3.829   -0.017    0.014    0.058    0.017
  -9.577    2.421  155.766    3.607   -0.015    0.013    0.063    0.016
 -34.254    2.920  163.148    3.714   -0.013    0.015    0.005    0.017
 -25.545    2.800  154.689    3.927   -0.020    0.015    0.035    0.018
 -38.018    2.789  170.593    3.247   -0.017    0.014   -0.019    0.015
 -27.093    2.122  171.405    2.823   -0.022    0.010    0.033    0.012
 -30.429    2.295  170.007    2.845   -0.021    0.011    0.006    0.013
 -19.423    1.979  174.522    2.730   -0.015    0.010    0.046    0.011
 -39.501    3.209  168.734    3.868   -0.006    0.017   -0.009    0.017
 -41.541    3.062  171.836    3.608    0.001    0.015   -0.016    0.016
 -31.607    3.330  155.900    4.490   -0.021    0.018    0.021    0.021
 -37.006    3.129  164.057    3.906   -0.023    0.017   -0.000    0.018
 -42.547    3.009  171.894    3.488   -0.005    0.015   -0.021    0.016
 -36.987    2.891  169.403    3.373   -0.013    0.015   -0.020    0.015
 -46.961    3.889  168.387    4.671   -0.007    0.020   -0.011    0.021
 -48.702    3.715  172.109    4.367    0.003    0.019   -0.017    0.019
 -35.033    3.770  156.660    4.922   -0.027    0.021    0.011    0.023
 -45.128    3.211  170.612    3.806   -0.004    0.016   -0.017    0.017
 -43.594    3.698  163.170    4.582   -0.024    0.020   -0.005    0.021
 -49.684    3.582  172.343    4.197    0.007    0.018   -0.016    0.019
 -22.183    3.140  145.015    4.769   -0.017    0.018    0.053    0.023
 -27.035    3.767  149.124    5.260   -0.022    0.022    0.036    0.025
 -15.773    2.962  142.249    4.715   -0.018    0.018    0.069    0.023
 -39.133    4.179  155.890    5.360   -0.034    0.023    0.006    0.025
 -32.335    3.936  150.262    5.457   -0.020    0.023    0.030    0.026
 -10.174    2.894  140.204    4.602   -0.012    0.018    0.076    0.023
  -2.423    2.162  154.012    3.269   -0.007    0.012    0.065    0.015
 -56.101    3.921  165.882    4.902    0.024    0.020    0.000    0.022
 -18.690    3.878  141.739    5.881   -0.014    0.023    0.057    0.029
 -50.315    4.299  159.664    5.505   -0.000    0.023    0.005    0.025
 -25.497    4.079  143.420    5.876   -0.014    0.024    0.048    0.029
 -37.257    4.366  149.607    5.944   -0.024    0.025    0.022    0.029
 -56.673    4.007  170.067    4.823    0.036    0.020   -0.008    0.021
 -13.516    3.333  136.969    5.390   -0.016    0.021    0.069    0.028
 -45.164    5.069  152.289    6.629   -0.015    0.029    0.007    0.032
 -32.365    4.218  145.185    6.056   -0.008    0.025    0.041    0.030
 -48.223    3.749  170.510    4.379    0.006    0.019   -0.018    0.020
 -56.487    4.467  168.936    5.159    0.023    0.022   -0.022    0.023
 -35.536    2.783  165.126    3.314   -0.016    0.015   -0.019    0.015
 -29.653    2.408  165.987    3.082   -0.018    0.012    0.011    0.014
 -41.672    2.989  167.421    3.540   -0.001    0.016   -0.019    0.016
 -24.368    2.112  166.732    2.920   -0.019    0.011    0.042    0.013
 -65.468    4.947  159.963    6.544    0.066    0.025    0.030    0.030
 -58.888    4.805  154.775    6.617    0.048    0.026    0.036    0.031
 -64.076    4.851  165.977    6.127    0.066    0.024    0.012    0.027
 -42.927    5.255  148.364    7.091   -0.017    0.031    0.020    0.034
 -53.171    4.736  169.307    5.521    0.022    0.024   -0.018    0.025
 -38.059    4.776  145.228    6.756   -0.012    0.028    0.035    0.033
 -53.460    5.511  149.561    7.624    0.016    0.032    0.035    0.036
 -62.922    4.728  165.232    5.715    0.051    0.023   -0.007    0.026
 -47.033    3.555  167.677    4.167    0.018    0.018   -0.020    0.019
 -74.606    5.864  154.181    8.222    0.100    0.030    0.062    0.038
 -46.884    5.448  149.872    7.397    0.006    0.031    0.031    0.035
 -43.014    5.165  147.428    7.157   -0.012    0.030    0.030    0.035
 -25.683    4.632  139.741    6.976   -0.008    0.029    0.046    0.036
 -65.904    5.468  152.113    7.764    0.086    0.029    0.065    0.036
 -31.253    4.875  140.773    7.185   -0.002    0.030    0.046    0.036
 -74.308    5.561  156.657    7.460    0.099    0.028    0.044    0.035
 -57.929    4.931  164.607    5.839    0.039    0.025   -0.020    0.027
 -49.302    4.388  166.471    5.099    0.032    0.022   -0.023    0.023
 -54.543    5.695  150.702    8.097    0.063    0.031    0.057    0.038
 -67.303    5.033  157.114    6.505    0.082    0.026    0.019    0.031
 -39.287    5.525  141.649    7.961   -0.008    0.034    0.042    0.039
 -18.715    5.060  136.868    7.505   -0.016    0.032    0.044    0.038
 -45.301    5.886  152.863    7.866    0.007    0.033    0.025    0.037
 -10.295    2.946  132.128    4.949   -0.015    0.019    0.080    0.026
 -49.960    5.784  152.796    7.991    0.042    0.031    0.043    0.037
 -42.643    5.377  145.917    7.651   -0.010    0.032    0.040    0.037
  -5.731    2.561  139.950    4.036   -0.004    0.016    0.067    0.020
 -11.952    4.196  132.173    6.713   -0.016    0.027    0.064    0.036
 -67.813    6.332  153.326    9.036    0.096    0.033    0.076    0.042
 -78.165    6.381  151.326    9.094    0.109    0.033    0.077    0.043
 -31.571    5.095  139.923    7.511   -0.005    0.032    0.038    0.038
 -24.516    4.846  142.031    7.299   -0.002    0.029    0.048    0.037
 -44.181    6.464  155.704    8.380    0.002    0.036    0.020    0.038
 -50.300    6.799  159.034    9.026    0.026    0.035    0.023    0.041
 -59.502    6.714  154.030    9.420    0.077    0.034    0.064    0.043
 -37.154    5.712  139.769    8.362   -0.009    0.035    0.042    0.042
 -18.928    4.975  136.206    7.462   -0.013    0.031    0.041    0.039
 -76.060    6.056  157.986    8.349    0.106    0.030    0.077    0.038
 -54.595    6.878  155.150    9.382    0.063    0.035    0.041    0.043
 -40.861    6.267  144.745    8.810   -0.013    0.037    0.035    0.043
 -60.905    5.233  155.862    6.623    0.063    0.027    0.001    0.032
  -9.988    3.545  127.237    6.008   -0.015    0.024    0.075    0.033
 -53.698    4.650  161.742    5.519    0.039    0.024   -0.019    0.026
 -71.281    5.971  149.821    8.137    0.099    0.032    0.037    0.039
 -38.286    3.362  163.918    3.987    0.001    0.018   -0.020    0.019
 -31.536    2.884  160.802    3.527   -0.012    0.016   -0.014    0.017
 -43.480    3.879  163.982    4.581    0.025    0.020   -0.022    0.021
 -50.628    7.927  162.262   10.224    0.019    0.040    0.007    0.046
 -53.948    7.725  159.968    9.843    0.059    0.037    0.007    0.046
 -71.140    7.200  150.638   10.414    0.085    0.038    0.079    0.048
 -78.740    8.198  151.060   11.910    0.085    0.043    0.072    0.055
 -64.224    7.424  153.912   10.440    0.072    0.038    0.068    0.046
 -45.109    6.870  152.079    8.866   -0.001    0.039    0.018    0.041
 -45.582    4.116  161.644    4.930    0.037    0.021   -0.017    0.023
 -79.411    7.857  148.213   11.284    0.090    0.042    0.058    0.054
 -64.357    6.167  150.416    8.305    0.069    0.032    0.021    0.040
 -58.331    5.080  156.341    6.392    0.048    0.027   -0.004    0.030
 -60.594    7.811  154.150   10.659    0.069    0.040    0.031    0.049
 -25.870    2.924  159.685    3.789   -0.018    0.016    0.009    0.018
 -50.029    5.024  159.983    6.143    0.043    0.026   -0.011    0.029
 -74.935    6.659  144.815    9.564    0.089    0.036    0.050    0.047
 -19.287    1.927  168.194    2.777   -0.019    0.010    0.058    0.012
 -54.464    8.659  163.346   10.267    0.056    0.042   -0.015    0.048
 -62.834    6.190  154.709    8.234    0.051    0.032    0.017    0.039
 -72.128    8.193  150.140   11.909    0.073    0.043    0.076    0.054
 -79.931    8.988  148.265   13.123    0.075    0.048    0.066    0.061
 -62.521    9.631  157.356   11.926    0.059    0.044   -0.011    0.057
 -48.779    7.539  158.896    9.722    0.021    0.036    0.001    0.046
 -70.872    6.571  146.960    9.298    0.061    0.036    0.030    0.045
 -64.621    8.658  151.990   12.036    0.057    0.044    0.053    0.053
 -81.542    8.768  144.908   12.782    0.079    0.047    0.057    0.061
 -57.468    5.620  158.224    7.264    0.036    0.030    0.006    0.034
 -36.678    6.816  140.420    9.642   -0.012    0.042    0.027    0.049
 -32.220    6.412  143.288    8.803   -0.004    0.039    0.015    0.044
 -41.260    8.037  143.488   10.855   -0.012    0.048    0.018    0.054
 -57.818    9.025  155.261   12.088    0.057    0.043    0.022    0.056
 -77.642    7.609  141.287   11.158    0.080    0.042    0.051    0.055
 -63.954   10.716  157.985   12.675    0.074    0.048   -0.027    0.062
 -46.466    8.070  151.527   10.326    0.002    0.046    0.002    0.050
 -49.576    8.651  162.798   10.390    0.057    0.040   -0.014    0.048
 -24.445    5.916  140.645    8.128   -0.006    0.037    0.014    0.042
 -12.602    4.370  130.715    6.827   -0.016    0.029    0.051    0.037
 -17.719    5.114  136.213    7.359   -0.011    0.032    0.025    0.039
  -7.791    2.894  131.377    4.767   -0.012    0.019    0.080    0.025
 -71.119    9.375  146.557   13.329    0.065    0.049    0.056    0.061
 -62.286   10.683  151.888   14.280    0.040    0.054    0.036    0.063
 -80.259    9.223  140.707   13.424    0.081    0.049    0.048    0.066
 -58.043    9.552  157.642   11.223    0.107    0.043   -0.021    0.054
 -66.129    7.051  159.447    9.408    0.041    0.036    0.025    0.042
 -82.972    9.167  137.694   13.345    0.087    0.050    0.041    0.068
 -71.116    7.911  146.112   11.102    0.050    0.043    0.030    0.054
 -62.872    6.487  161.853    8.523    0.033    0.033    0.022    0.038
 -51.905    9.527  156.417   11.836    0.063    0.045   -0.012    0.057
 -44.807    8.339  147.300   11.208   -0.001    0.049    0.013    0.055
 -36.472    7.608  144.191   10.532   -0.012    0.045    0.024    0.052
 -54.163   11.278  159.181   13.958    0.058    0.053   -0.009    0.067
 -32.441    7.281  141.885    9.806   -0.009    0.044    0.006    0.050
 -77.903    9.044  137.677   13.100    0.077    0.050    0.032    0.067
 -45.240    9.315  156.693   11.560    0.034    0.050   -0.009    0.055
 -55.001   11.713  158.592   13.916    0.080    0.052   -0.022    0.067
 -22.068    6.879  140.363    9.356   -0.009    0.042    0.014    0.048
 -40.598   13.007  160.137   16.555    0.018    0.062   -0.000    0.077
 -72.650    8.067  153.072   11.138    0.045    0.044    0.028    0.052
 -41.302    4.393  155.889    5.686    0.028    0.024   -0.000    0.027
 -72.580    9.293  138.072   13.467    0.052    0.053    0.026    0.069
 -45.034    5.504  154.367    7.137    0.029    0.030    0.005    0.034
 -38.300    4.223  157.203    5.279    0.019    0.023   -0.010    0.025
 -70.291    8.675  167.631   11.256    0.028    0.042    0.021    0.048
 -54.898    5.887  155.266    7.876    0.021    0.033    0.017    0.037
 -33.261    3.739  157.295    4.650    0.004    0.021   -0.011    0.022
 -60.299    6.810  161.699    8.966    0.024    0.035    0.026    0.040
 -56.815   11.677  150.491   14.136    0.099    0.053   -0.023    0.071
 -56.066   11.123  144.309   14.057    0.085    0.053   -0.018    0.073
 -66.768   11.191  141.992   15.335    0.073    0.057    0.013    0.079
 -82.301   11.815  127.811   18.346    0.014    0.059   -0.000    0.104
 -66.864    8.912  147.138   12.458    0.058    0.047    0.039    0.059
 -73.448    9.245  165.798   12.300    0.037    0.046    0.033    0.052
 -51.606   10.053  147.689   12.380    0.082    0.054   -0.017    0.063
 -42.865   10.154  161.581   12.471    0.024    0.054   -0.004    0.058
 -41.544    8.807  155.056   11.502   -0.004    0.049    0.014    0.055
 -35.070    8.649  142.116   11.702   -0.026    0.050    0.012    0.060
 -33.943   13.894  163.535   16.597    0.006    0.067   -0.005    0.074
 -33.162   14.704  154.635   18.592    0.008    0.065   -0.005    0.087
 -32.616    7.689  135.667   10.741   -0.034    0.046    0.012    0.058
 -82.020   11.190  131.903   16.310    0.055    0.062    0.008    0.089
 -35.019   16.733  163.663   20.643    0.000    0.080   -0.000    0.094
 -66.083   14.990  105.297   23.002    0.012    0.113   -0.005    0.156
 -35.115   13.916  167.525   16.745    0.008    0.070   -0.005    0.074
 -16.905    5.758  131.619    8.219   -0.023    0.038    0.017    0.045
 -13.038    5.068  130.941    7.439   -0.006    0.034    0.027    0.040
 -66.147   12.033  121.265   16.667    0.042    0.076   -0.014    0.101
 -20.080    7.350  128.575   10.821   -0.045    0.046    0.026    0.060
  -8.976    3.934  125.039    6.399   -0.016    0.027    0.062    0.036
 -22.016    8.252  134.661   11.906   -0.051    0.047    0.034    0.063
 -11.449    6.021  127.337    8.817   -0.022    0.040    0.029    0.048
 -13.192    7.324  121.653   11.080   -0.043    0.048    0.024    0.065
 -69.140    9.297  149.436   12.917    0.069    0.048    0.044    0.060
 -69.761    9.240  166.739   11.932    0.020    0.046    0.029    0.050
  -8.611    4.829  126.122    7.255   -0.012    0.033    0.053    0.039
 -18.078   11.333  147.631   15.316   -0.027    0.061    0.015    0.075
  -7.490    3.561  125.734    6.011   -0.014    0.024    0.082    0.033
 -18.806    7.967  122.801   12.350   -0.064    0.048    0.029    0.071
  -6.540   11.817  123.534   17.062   -0.002    0.070    0.000    0.097
  -6.833    3.984  123.540    6.664   -0.020    0.027    0.077    0.037
  -7.427    6.747  117.527   10.555   -0.045    0.047    0.042    0.063
  -6.974    6.119  124.510    8.863   -0.020    0.041    0.053    0.047
 -16.633    8.095  117.627   12.646   -0.045    0.050    0.015    0.076
  -3.511    2.914  140.757    4.558   -0.007    0.018    0.062    0.023
   0.896    2.322  154.562    3.415   -0.004    0.013    0.054    0.016
  -5.073    4.711  126.020    7.540   -0.019    0.032    0.075    0.041
  -3.157    2.818  133.780    4.590   -0.009    0.018    0.069    0.024
   3.484    1.940  165.297    2.778   -0.006    0.010    0.051    0.012
  -2.898    3.394  126.755    5.689   -0.016    0.023    0.082    0.031
  -3.149    6.392  118.925    9.987   -0.032    0.045    0.072    0.056
 -13.127    7.825  113.314   12.125   -0.038    0.054    0.020    0.074
   2.415    1.898  172.450    2.660   -0.015    0.009    0.052    0.011
  -1.448    5.850  127.534    8.776   -0.020    0.039    0.077    0.045
  -2.530    3.971  125.601    6.576   -0.026    0.027    0.088    0.036
  -2.041    1.715  177.944    2.341   -0.025    0.008    0.045    0.010
 -28.671    3.070  157.069    3.849   -0.011    0.017   -0.008    0.018
  -1.732    5.304  129.938    8.251   -0.029    0.035    0.081    0.042
 -11.893    1.710  178.009    2.372   -0.017    0.008    0.048    0.010
 -21.622    2.508  161.702    3.556   -0.015    0.013    0.046    0.016
   1.763    3.085  142.551    4.641   -0.005    0.019    0.044    0.023
   6.047    2.455  155.643    3.510   -0.000    0.014    0.042    0.016
   3.658    2.869  137.935    4.484   -0.009    0.018    0.054    0.023
  -7.586    8.122  111.277   12.259   -0.030    0.060    0.046    0.072
  -0.468    6.622  123.106    9.660   -0.024    0.045    0.080    0.050
   7.493    1.916  165.005    2.713   -0.005    0.010    0.046    0.012
 -10.601   10.048  132.344   13.705   -0.015    0.062    0.016    0.068
   4.115    3.249  132.343    5.412   -0.020    0.021    0.074    0.028
  -4.302    1.750  182.040    2.325   -0.025    0.008    0.035    0.009
   2.364    6.927  136.687   10.290   -0.027    0.043    0.080    0.049
   6.965    1.731  173.075    2.420   -0.013    0.009    0.048    0.010
   4.781    3.981  129.274    6.563   -0.029    0.026    0.081    0.035
 -37.060    5.140  149.149    6.871    0.006    0.030    0.009    0.033
 -22.991    3.180  152.109    4.209   -0.016    0.018    0.007    0.020
 -42.272    5.406  147.294    7.153    0.011    0.031    0.019    0.034
 -33.648    4.430  149.604    5.844    0.007    0.026    0.003    0.029
 -49.718    5.828  148.569    8.107    0.013    0.034    0.038    0.038
 -69.932    8.737  156.662   11.797    0.044    0.045    0.044    0.052
 -12.951    1.750  170.732    2.562   -0.016    0.009    0.064    0.011
 -29.712    3.877  151.136    5.052   -0.002    0.022    0.003    0.025
 -17.386    2.084  159.490    3.169   -0.019    0.011    0.067    0.014
 -57.520    6.884  151.519    9.504    0.014    0.039    0.051    0.043
   5.678    1.703  178.698    2.322   -0.023    0.008    0.045    0.009
  -5.220    1.802  181.115    2.428   -0.019    0.008    0.040    0.010
 -16.925    2.827  149.295    4.088   -0.015    0.016    0.037    0.020
 -61.337   10.832  126.025   16.759    0.022    0.058    0.003    0.095
 -26.328    3.500  151.193    4.614   -0.007    0.020    0.005    0.023
 -61.081    7.877  154.973   10.596    0.017    0.043    0.052    0.046
 -21.410    3.063  146.693    4.191   -0.010    0.018    0.015    0.021
   3.397    1.938  182.335    2.546   -0.028    0.009    0.032    0.010
 -34.093    6.246  141.242    8.428   -0.011    0.038    0.010    0.043
 -39.798    6.121  142.759    8.193   -0.009    0.037    0.026    0.040
 -63.200    8.638  149.103   11.507    0.028    0.048    0.045    0.051
 -30.186    5.283  142.853    7.369   -0.002    0.032    0.019    0.037
 -44.462    6.846  139.408    9.134   -0.002    0.042    0.040    0.044
 -12.445    2.079  162.114    3.263   -0.012    0.011    0.084    0.014
  10.670    2.369  154.708    3.347   -0.005    0.013    0.034    0.016
 -13.869    2.332  149.875    3.702   -0.013    0.013    0.073    0.017
   9.987    2.630  148.474    3.851   -0.005    0.015    0.041    0.018
  -4.309    1.731  173.124    2.473   -0.012    0.009    0.056    0.010
  11.380    2.086  164.140    2.897   -0.007    0.011    0.038    0.013
 -29.625    4.444  145.604    6.289    0.001    0.027    0.024    0.031
  10.546    2.881  142.477    4.295   -0.011    0.018    0.043    0.022
   4.092    5.284  131.280    8.319   -0.035    0.034    0.075    0.043
  12.601    2.013  172.294    2.792   -0.012    0.010    0.043    0.012
 -15.853    2.651  141.741    4.022   -0.003    0.016    0.044    0.020
 -49.278    7.647  138.519   10.538    0.010    0.047    0.061    0.050
   3.616    2.042  181.781    2.680   -0.022    0.010    0.031    0.011
 -26.091    4.459  146.219    6.312    0.007    0.026    0.026    0.031
 -64.675   10.268  128.933   15.504    0.034    0.055    0.009    0.085
 -55.406    7.917  135.309   10.846    0.013    0.050    0.059    0.051
  12.129    1.810  178.134    2.453   -0.018    0.009    0.040    0.010
  11.681    3.526  137.875    5.420   -0.018    0.022    0.049    0.028
  -9.433    2.370  150.452    3.878   -0.010    0.013    0.087    0.018
  -3.731    2.031  162.800    3.120   -0.008    0.011    0.077    0.014
 -19.157    3.605  139.635    5.122    0.009    0.022    0.019    0.026
 -11.799    2.534  140.410    4.142   -0.001    0.016    0.072    0.021
   5.627    6.517  130.681    9.690   -0.026    0.042    0.092    0.048
   0.099    8.033  118.511   11.003   -0.015    0.057    0.059    0.058
  10.851    1.880  181.908    2.455   -0.025    0.009    0.030    0.010
   4.475    1.819  174.974    2.498   -0.010    0.009    0.044    0.010
  11.991    4.141  132.691    6.566   -0.031    0.027    0.056    0.035
 -31.898    6.404  138.749    8.988   -0.023    0.039    0.026    0.046
 -34.604    6.521  138.310    9.064   -0.028    0.040    0.028    0.046
 -28.976    5.415  137.347    7.854   -0.009    0.034    0.032    0.041
   5.669    6.768  136.518   10.304   -0.033    0.042    0.071    0.050
 -19.591    9.524  117.874   13.849   -0.002    0.068    0.000    0.083
 -14.312    8.936  108.503   13.156   -0.002    0.066    0.001    0.084
  16.328    2.444  155.168    3.515   -0.009    0.014    0.040    0.016
  17.283    2.236  163.823    3.104   -0.012    0.012    0.036    0.014
  15.711    2.871  146.695    4.147   -0.011    0.017    0.035    0.020
  12.245    1.971  181.574    2.540   -0.020    0.009    0.025    0.010
  19.197    2.363  171.461    3.168   -0.013    0.012    0.030    0.013
  17.321    2.994  143.162    4.351   -0.024    0.018    0.036    0.022
   9.131    4.831  132.610    7.573   -0.036    0.031    0.055    0.040
 -16.554    3.212  133.444    4.933    0.025    0.021    0.039    0.026
 -28.675    4.648  139.623    7.018    0.004    0.029    0.045    0.036
  -2.654    2.361  152.636    3.767   -0.009    0.013    0.084    0.017
  18.722    1.992  178.108    2.612   -0.016    0.010    0.027    0.011
   3.842    1.888  163.548    2.773   -0.003    0.010    0.060    0.012
  -6.822    2.384  141.588    4.018    0.002    0.015    0.087    0.020
 -38.033    7.121  133.077    9.899   -0.012    0.046    0.052    0.049
  20.897    3.750  137.154    5.422   -0.037    0.024    0.029    0.028
 -26.955    4.549  140.047    6.626    0.018    0.028    0.032    0.034
 -53.550    9.784  137.298   11.970    0.003    0.062    0.015    0.056
  11.784    1.862  174.475    2.490   -0.006    0.009    0.031    0.010
 -11.786    3.229  128.572    5.363    0.022    0.021    0.067    0.029
  17.165    1.980  181.228    2.521   -0.015    0.009    0.020    0.010
 -44.983    8.275  127.994   11.006   -0.000    0.055    0.062    0.053
 -21.133    4.087  135.267    6.007    0.036    0.026    0.027    0.032
   6.002    7.572  121.678   10.596   -0.015    0.052    0.069    0.054
   9.021    6.388  131.989    9.677   -0.028    0.041    0.081    0.048
  15.863   17.858   95.601   27.153   -0.001    0.158   -0.001    0.196
  -6.909    9.472  109.522   13.868   -0.002    0.074    0.002    0.086
  18.746    4.159  131.112    6.179   -0.041    0.027    0.028    0.033
   8.444    5.561  133.540    8.752   -0.034    0.036    0.058    0.046
  21.763    2.837  156.235    3.974   -0.016    0.016    0.032    0.018
  22.701    2.500  162.757    3.476   -0.018    0.013    0.036    0.015
  22.546    3.309  148.131    4.651   -0.023    0.019    0.028    0.023
  17.089    2.028  180.206    2.619   -0.011    0.010    0.022    0.011
  23.302    2.431  170.085    3.303   -0.013    0.012    0.033    0.014
   4.070    2.239  153.757    3.474   -0.008    0.013    0.068    0.016
  23.946    3.414  139.932    4.789   -0.043    0.021    0.021    0.025
  13.922    4.957  133.671    7.300   -0.036    0.032    0.027    0.039
  -0.746    2.489  144.988    4.054   -0.004    0.015    0.084    0.019
  10.668    2.120  164.953    2.990   -0.001    0.011    0.041    0.013
   9.731    7.504  127.004   11.132   -0.025    0.050    0.068    0.056
  25.119    2.306  176.958    2.991   -0.008    0.011    0.023    0.013
  26.344    4.176  132.172    5.725   -0.060    0.027    0.007    0.032
   0.538    9.614  112.401   14.436   -0.004    0.072    0.002    0.088
  10.926    6.317  132.485    9.742   -0.019    0.041    0.057    0.050
  -4.868    2.909  130.415    5.024    0.019    0.019    0.093    0.027
 -15.653    3.786  128.398    5.680    0.049    0.025    0.029    0.032
  18.211    2.026  174.051    2.647   -0.004    0.010    0.020    0.011
  24.742    2.515  180.506    3.210   -0.001    0.012    0.019    0.013
  10.239    6.186  134.629    9.100   -0.019    0.039    0.031    0.047
  25.672    4.542  127.993    6.527   -0.048    0.030    0.009    0.037
 -30.065    5.982  136.736    8.763   -0.014    0.037    0.054    0.044
   5.376    2.740  147.271    4.377   -0.007    0.016    0.075    0.021
  10.930    2.437  154.106    3.614   -0.008    0.014    0.048    0.017
 -28.876    5.628  135.709    8.490   -0.003    0.036    0.057    0.043
 -28.455    6.463  139.244    9.095   -0.032    0.039    0.032    0.046
 -11.048    3.622  121.841    5.929    0.041    0.025    0.053    0.034
  24.377    2.675  179.750    3.396    0.003    0.013    0.016    0.014
  27.209    3.079  155.071    4.134   -0.023    0.017    0.019    0.020
  27.095    3.118  160.925    4.225   -0.018    0.017    0.025    0.019
  26.969    3.180  149.152    4.254   -0.032    0.018    0.011    0.021
  -0.565    3.010  135.051    5.079    0.011    0.019    0.088    0.026
  17.568    2.513  163.540    3.302   -0.008    0.013    0.014    0.015
 -26.050    4.968  132.889    7.805    0.011    0.032    0.051    0.041
  28.409    3.186  168.573    4.262   -0.018    0.016    0.029    0.019
 -29.335    7.662  139.926   10.541   -0.035    0.045    0.022    0.054
 -48.263    8.615  123.596   11.026    0.006    0.060    0.036    0.053
 -21.135    5.105  131.634    7.719    0.032    0.034    0.032    0.042
  29.616    3.775  138.010    5.044   -0.052    0.024    0.003    0.027
  20.193    5.152  131.079    7.265   -0.029    0.034    0.007    0.040
  31.140    2.781  176.244    3.643   -0.006    0.013    0.029    0.015
  -5.981    3.365  120.573    5.900    0.034    0.024    0.085    0.034
  23.876    2.441  172.607    3.116   -0.004    0.012    0.013    0.013
 -30.731    7.996  133.794   10.971   -0.024    0.051    0.047    0.054
  13.343    7.630  129.704   11.314   -0.012    0.051    0.045    0.058
  31.684    4.792  127.630    6.556   -0.055    0.031   -0.002    0.038
  10.402    9.133  118.588   13.606   -0.019    0.066    0.018    0.079
  11.777    6.283  132.723    9.480   -0.000    0.041    0.040    0.049
  33.269    2.656  181.261    3.406    0.001    0.012    0.026    0.014
  12.426    2.678  149.182    4.144   -0.014    0.015    0.061    0.020
 -15.491    4.901  127.123    7.419    0.047    0.033    0.028    0.041
  17.448    2.640  155.376    3.655   -0.019    0.015    0.028    0.017
   7.417    3.492  139.881    5.728    0.009    0.021    0.076    0.029
  15.433    6.130  134.833    8.630   -0.003    0.040    0.014    0.046
  31.584    5.134  124.072    7.290   -0.044    0.033   -0.003    0.043
 -20.536   12.400  112.712   17.077   -0.001    0.095   -0.001    0.105
  32.825    2.753  179.257    3.437    0.000    0.013    0.014    0.014
  21.771    2.544  163.861    3.273   -0.016    0.013    0.007    0.015
  32.278    3.512  158.129    4.481   -0.024    0.019   -0.000    0.021
  34.524    3.500  161.332    4.535   -0.020    0.018    0.014    0.021
  31.379    3.797  150.383    4.892   -0.035    0.022   -0.002    0.024
  -0.273    3.408  125.482    5.969    0.024    0.023    0.094    0.033
  38.091    3.867  164.612    5.056   -0.023    0.020    0.023    0.023
 -10.804    4.216  118.206    6.927    0.044    0.030    0.050    0.041
  24.966    5.200  129.850    7.288   -0.024    0.034    0.001    0.041
  34.617    4.056  139.220    5.349   -0.044    0.025   -0.002    0.029
  13.523    7.710  132.812   11.429    0.009    0.050    0.043    0.058
  12.723    8.555  122.083   13.055   -0.024    0.060    0.039    0.072
  39.506    3.208  171.377    4.142   -0.020    0.016    0.024    0.018
 -11.890   11.837  113.668   17.484   -0.002    0.087   -0.001    0.108
  14.032    6.815  137.184    9.817    0.020    0.042    0.027    0.050
  -6.443   12.626  132.884   16.926   -0.006    0.079    0.007    0.087
  37.309    4.966  127.419    6.770   -0.045    0.032   -0.006    0.039
  28.264    2.809  171.482    3.502   -0.017    0.014    0.005    0.015
  38.276    3.006  176.677    3.847   -0.026    0.014    0.022    0.016
  17.234    2.743  147.936    4.158   -0.011    0.016    0.053    0.020
  19.411    5.848  138.557    7.967    0.001    0.037    0.011    0.041
  13.258    3.336  140.501    5.295   -0.000    0.020    0.065    0.027
  21.243    2.783  156.262    3.792   -0.025    0.015    0.023    0.018
  34.246    5.158  126.449    7.179   -0.039    0.033   -0.004    0.042
  -7.899    4.239  115.188    7.353    0.035    0.031    0.081    0.044
   5.088    3.550  130.630    6.020    0.027    0.023    0.083    0.032
  36.579    3.131  175.612    3.943   -0.030    0.015    0.015    0.017
  27.876    3.250  163.518    4.079   -0.031    0.017    0.000    0.019
 -26.869    6.766  126.130   10.081   -0.003    0.046    0.071    0.053
 -24.145    5.497  121.671    9.280    0.005    0.039    0.069    0.053
 -27.072    7.080  131.456   10.804   -0.006    0.046    0.066    0.057
 -39.263    9.218  121.552   12.083   -0.002    0.066    0.036    0.060
 -19.872    5.923  123.805    9.236    0.007    0.041    0.042    0.051
 -24.837    7.360  139.255   10.489   -0.015    0.045    0.034    0.054
  41.119    4.113  159.237    5.046   -0.038    0.022   -0.007    0.024
  44.122    3.635  160.463    4.622   -0.034    0.019    0.007    0.022
  40.748    4.778  153.502    5.926   -0.043    0.027   -0.009    0.029
  46.415    3.612  162.665    4.686   -0.029    0.019    0.018    0.022
 -13.387    5.927  119.208    9.398    0.017    0.043    0.035    0.054
  10.996    8.751  131.135   12.553   -0.008    0.058    0.049    0.062
  11.995    8.726  134.631   12.117    0.018    0.055    0.034    0.059
  28.378    5.752  134.213    7.965   -0.021    0.035    0.000    0.043
  40.643    4.487  144.606    5.794   -0.046    0.027   -0.003    0.030
  48.923    3.478  165.399    4.490   -0.044    0.018    0.021    0.020
  35.612    3.241  169.353    4.039   -0.038    0.016    0.007    0.018
  22.960    3.207  150.248    4.755   -0.020    0.018    0.052    0.023
  15.333    3.260  141.387    5.346    0.002    0.019    0.079    0.026
  -2.295    4.221  119.979    7.402    0.027    0.030    0.089    0.042
  18.814    7.403  142.525   10.127    0.016    0.042    0.012    0.050
  29.707    3.310  157.650    4.321   -0.032    0.018    0.012    0.020
   9.027    3.562  134.225    5.993    0.030    0.022    0.082    0.031
  39.760    5.053  135.768    6.979   -0.038    0.031    0.003    0.038
  46.428    3.893  171.054    4.944   -0.049    0.019    0.017    0.022
 -10.292    5.010  112.101    8.387    0.035    0.038    0.054    0.051
 -25.903    8.115  137.543   10.790   -0.020    0.049    0.026    0.054
  36.995    3.929  163.039    4.854   -0.041    0.020   -0.000    0.023
   1.679    3.936  123.267    6.862    0.036    0.027    0.087    0.039
  22.183    7.019  140.567    9.377   -0.005    0.043    0.001    0.049
  43.838    3.916  171.983    4.918   -0.050    0.019    0.015    0.021
  38.715    5.500  134.464    7.700   -0.041    0.033    0.006    0.042
  -8.312    5.088  107.810    8.144    0.025    0.040    0.069    0.049
   4.451   10.296  115.609   16.144   -0.018    0.069    0.005    0.097
  52.527    4.267  155.672    5.366   -0.057    0.023    0.003    0.026
  48.364    4.516  155.792    5.537   -0.067    0.025   -0.007    0.027
  20.192    4.131  144.716    6.553   -0.002    0.024    0.095    0.031
  31.116    3.459  151.623    4.899   -0.017    0.019    0.044    0.023
  56.295    4.281  158.228    5.560   -0.044    0.023    0.017    0.026
  45.171    4.924  154.389    6.016   -0.069    0.027   -0.011    0.030
  23.249    9.451  145.458   12.329    0.006    0.053    0.006    0.058
  35.296    6.307  139.024    8.587   -0.033    0.038    0.006    0.046
  12.484    3.736  137.050    6.294    0.030    0.023    0.090    0.032
  41.113    3.632  167.746    4.574   -0.051    0.018    0.014    0.021
  56.892    3.967  163.089    5.120   -0.050    0.020    0.017    0.023
  45.683    5.100  149.875    6.486   -0.056    0.028   -0.003    0.033
  38.153    3.733  158.271    4.679   -0.031    0.020   -0.000    0.022
  25.798    7.704  145.258   10.154    0.003    0.044    0.002    0.051
  55.611    4.088  167.168    5.131   -0.057    0.020    0.012    0.023
  45.806    5.805  145.368    7.746   -0.039    0.033    0.006    0.039
   3.907    4.307  128.775    7.164    0.046    0.028    0.080    0.038
  -2.992    5.155  112.588    8.404    0.019    0.039    0.069    0.049
 -23.386    6.519  109.655   10.162    0.013    0.050    0.084    0.060
 -18.927    6.059  107.670    9.695    0.020    0.047    0.072    0.059
 -25.346    6.839  116.845   10.271   -0.000    0.049    0.089    0.057
  38.935    3.769  163.538    4.710   -0.042    0.020    0.004    0.022
 -13.264    5.743  106.822    9.377    0.029    0.045    0.070    0.058
 -25.466    7.729  128.305   11.843    0.004    0.052    0.055    0.064
  50.190    4.100  171.121    5.117   -0.053    0.020    0.012    0.022
  27.925    4.040  145.825    6.024   -0.002    0.023    0.069    0.029
  16.016    4.188  138.746    6.843    0.020    0.025    0.099    0.034
  35.287    7.806  145.046   10.331   -0.031    0.045    0.006    0.053
  -2.032    4.989  115.556    8.200    0.020    0.037    0.061    0.048
 -10.961    5.805  102.792    9.800    0.036    0.047    0.073    0.063
  37.398    3.704  154.695    4.945   -0.013    0.020    0.020    0.023
  46.216    6.496  142.096    8.876   -0.045    0.037    0.010    0.046
   9.159    4.716  134.228    7.822    0.038    0.029    0.086    0.040
 -26.119    8.103  143.652   10.808   -0.000    0.049    0.007    0.055
  -8.149    5.641  101.100    9.157    0.028    0.047    0.063    0.060
 -32.213   10.188  115.683   12.270   -0.001    0.077    0.002    0.062
 -46.517   10.325  136.727   12.365   -0.000    0.066    0.003    0.060
  41.527    3.879  160.602    4.815   -0.028    0.020   -0.003    0.023
  42.620    4.177  169.976    5.309   -0.041    0.021    0.016    0.023
  61.372    4.864  149.410    6.165   -0.081    0.027    0.007    0.031
  53.953    5.622  151.662    6.804   -0.090    0.030   -0.011    0.035
  67.569    4.914  151.080    6.522   -0.063    0.027    0.024    0.032
   3.227    5.120  123.052    8.256    0.025    0.035    0.062    0.045
  50.026    6.239  152.960    7.586   -0.080    0.032   -0.013    0.038
  65.184    4.542  157.346    5.958   -0.059    0.024    0.021    0.028
  -4.668    5.775  106.179    8.402    0.011    0.046    0.046    0.050
 -36.629   10.127  118.120   14.295   -0.001    0.073   -0.000    0.084
  20.315    4.619  138.800    7.145    0.019    0.028    0.085    0.035
  33.473    4.233  148.173    5.896    0.009    0.024    0.040    0.028
  12.421    4.742  132.659    7.861    0.037    0.030    0.086    0.041
 -18.883    7.950  111.254   10.573    0.012    0.060    0.070    0.057
 -14.927    7.090  105.719   10.198    0.024    0.056    0.070    0.060
  41.750    4.492  167.285    5.712   -0.028    0.023    0.015    0.025
  59.119    4.937  164.801    6.283   -0.050    0.024    0.012    0.029
 -21.924    7.909  112.136   11.770    0.007    0.059    0.074    0.068
 -12.866    6.692  102.520   10.030    0.025    0.054    0.082    0.063
 -34.375    9.231  130.287   11.128   -0.001    0.062    0.006    0.052
  -0.933    6.185  114.838    8.850   -0.003    0.046    0.025    0.049
  43.992    4.473  158.633    5.678   -0.008    0.023    0.003    0.027
 -23.998    9.486  136.858   13.094    0.014    0.059    0.009    0.069
  -7.491    7.341  100.439   11.216    0.026    0.061    0.063    0.072
   9.777    5.331  128.000    8.451    0.029    0.035    0.063    0.045
  51.452    5.808  152.633    7.165   -0.072    0.031   -0.009    0.036
  53.232    4.938  169.443    6.222   -0.043    0.024    0.009    0.028
  47.477    7.088  142.723    9.539   -0.064    0.040    0.012    0.050
  37.910    9.512  144.141   12.351   -0.001    0.058    0.002    0.062
  -5.113    6.872   99.215   10.688    0.028    0.058    0.051    0.070
  42.789    4.502  161.036    5.737   -0.021    0.023    0.004    0.027
  55.503    6.140  149.546    7.892   -0.062    0.033    0.001    0.040
   5.171   11.587  136.598   14.545   -0.010    0.072    0.014    0.066
  39.116    8.099  141.415   10.804   -0.023    0.049    0.004    0.057
  50.392    4.739  168.540    5.947   -0.032    0.024    0.006    0.027
  29.287    4.978  142.569    7.193    0.020    0.030    0.058    0.035
  16.616    5.658  133.467    8.480    0.025    0.036    0.073    0.042
   5.173    5.916  121.605    8.831   -0.007    0.042    0.031    0.049
  43.198    5.206  153.228    6.647    0.003    0.030    0.015    0.030
  67.515    5.475  143.914    6.943   -0.105    0.030    0.010    0.037
  70.639    5.201  144.946    6.870   -0.088    0.029    0.024    0.035
  49.692    8.193  142.047   11.015   -0.070    0.045    0.015    0.058
  55.732    6.727  147.619    8.942   -0.067    0.036    0.013    0.045
  63.188    6.454  147.975    7.847   -0.105    0.033   -0.006    0.041
  73.744    5.241  147.617    7.122   -0.080    0.029    0.034    0.036
  14.786    5.242  129.188    8.627    0.020    0.034    0.068    0.046
  -4.133    6.682  105.658    9.267    0.008    0.054    0.029    0.054
  47.324    5.403  164.787    6.752   -0.020    0.027    0.003    0.031
  59.673    7.280  152.399    8.839   -0.092    0.037   -0.009    0.045
  48.379    4.934  156.949    6.229   -0.018    0.026    0.003    0.029
  69.823    6.021  155.619    7.971   -0.066    0.031    0.031    0.038
 -13.377   20.225  109.731   29.677   -0.001    0.157   -0.001    0.187
   9.567   11.329  142.124   14.696   -0.009    0.069    0.029    0.066
  59.808    6.625  154.626    7.941   -0.095    0.033   -0.010    0.040
  57.953    8.448  141.008   11.513   -0.079    0.045    0.016    0.061
  57.540    8.621  130.696   12.245   -0.049    0.050    0.013    0.069
  65.017    5.991  160.238    7.800   -0.059    0.029    0.022    0.036
  60.530    6.955  154.986    8.448   -0.088    0.035   -0.008    0.042
 -10.563   17.077  103.900   23.896   -0.001    0.141   -0.001    0.151
  60.337    7.779  151.277    9.652   -0.095    0.039    0.001    0.049
  47.152   10.991  139.205   14.536   -0.001    0.069    0.001    0.075
  48.455    5.230  158.406    6.652   -0.027    0.027    0.004    0.031
  58.741    5.316  162.492    6.728   -0.047    0.027    0.008    0.031
  70.943    6.595  141.192    8.600   -0.112    0.036    0.017    0.046
  68.038    6.783  146.385    8.623   -0.117    0.035    0.016    0.045
  78.047    6.500  137.463    8.924   -0.109    0.037    0.035    0.048
  40.391    5.179  147.108    6.993    0.007    0.030    0.027    0.033
  64.638    7.136  152.049    8.822   -0.115    0.036    0.009    0.045
  24.650    6.324  138.109    8.928    0.015    0.039    0.051    0.044
  12.853    5.606  126.544    8.618   -0.017    0.038    0.045    0.047
  82.325    5.878  137.780    8.415   -0.109    0.034    0.063    0.045
  50.197    5.065  151.780    6.587   -0.010    0.028    0.003    0.032
  61.884    8.992  141.437   12.239   -0.089    0.044    0.020    0.064
  59.235    9.815  126.652   14.386   -0.069    0.056    0.015    0.084
  64.718    7.370  156.590    8.855   -0.106    0.037    0.001    0.044
  83.787    5.950  140.392    8.553   -0.104    0.033    0.072    0.044
  53.066    5.339  161.078    6.728   -0.035    0.027    0.005    0.031
  18.227    5.952  130.171    9.612    0.014    0.039    0.067    0.051
  51.603    5.744  152.322    7.395   -0.028    0.031    0.003    0.036
  -0.120    7.296  113.751   11.058   -0.006    0.051    0.004    0.066
  62.413    8.503  158.138   10.326   -0.092    0.041   -0.002    0.051
  80.294    6.033  143.557    8.610   -0.102    0.033    0.073    0.044
  19.365    6.143  130.520    9.313   -0.019    0.040    0.052    0.049
  65.185   13.780  104.445   20.459   -0.000    0.114   -0.001    0.141
  59.847    8.480  148.457   10.869   -0.104    0.042    0.015    0.056
  53.308    5.800  155.660    7.400   -0.036    0.030    0.005    0.035
  68.339    6.158  155.368    8.251   -0.073    0.031    0.034    0.039
  48.878    5.446  145.967    7.206   -0.007    0.032    0.008    0.036
  38.405    5.702  142.959    8.012    0.007    0.034    0.033    0.040
   7.470    6.748  120.152   10.184   -0.022    0.044    0.007    0.060
  78.051    7.355  140.129   10.045   -0.110    0.039    0.040    0.053
  71.229    7.833  147.439   10.529   -0.103    0.040    0.038    0.053
  87.641    7.171  132.818   10.241   -0.113    0.041    0.060    0.056
  54.548    5.908  144.978    7.880   -0.030    0.032    0.002    0.040
  26.288    6.349  135.769    9.216    0.007    0.040    0.044    0.046
  65.684    8.556  154.520   11.247   -0.099    0.042    0.034    0.055
  90.767    6.389  132.730    9.465   -0.110    0.037    0.088    0.051
  -8.757    8.214  107.512   11.821    0.016    0.065    0.061    0.069
  -4.688    8.062  104.695   12.033    0.024    0.064    0.064    0.074
 -11.726    8.136  109.234   11.790    0.014    0.063    0.063    0.068
  -1.515    7.309  103.074   11.276    0.039    0.058    0.055    0.071
  59.830    6.430  159.881    8.231   -0.045    0.032    0.011    0.039
 -12.316    7.889  117.371   11.745   -0.003    0.057    0.046    0.067
  15.563    6.345  124.245    9.563   -0.045    0.041    0.028    0.054
  56.278    7.034  149.693    9.044   -0.027    0.036    0.000    0.045
  23.512    6.121  133.008    9.593   -0.008    0.040    0.065    0.051
  89.681    6.613  137.641    9.709   -0.097    0.038    0.103    0.050
  62.608    8.307  157.916   10.532   -0.104    0.040    0.028    0.051
   0.713    7.212  106.090   11.298    0.024    0.056    0.025    0.070
 -33.499    9.469  131.408   13.016    0.012    0.063   -0.001    0.072
  85.239    6.576  140.714    9.560   -0.101    0.036    0.103    0.049
  47.373    6.328  143.028    8.266   -0.006    0.038    0.012    0.040
  58.410    8.539  153.311   11.206   -0.079    0.043    0.018    0.055
  57.794    5.873  138.710    8.056   -0.038    0.033    0.004    0.043
   3.391    7.575  111.744   10.463   -0.001    0.058    0.002    0.063
  34.759    6.206  131.378    7.922   -0.000    0.041    0.001    0.040
  58.324    6.366  156.660    8.070   -0.036    0.032    0.003    0.039
  21.499    7.488  132.118   10.940   -0.046    0.046    0.040    0.058
  51.761    9.883  133.325   14.315   -0.061    0.051    0.022    0.076
  77.747    6.796  145.389    9.627   -0.100    0.036    0.075    0.048
  60.673    7.261  141.153    9.672   -0.033    0.039   -0.000    0.051
  26.655    6.433  137.980    9.400    0.000    0.040    0.056    0.047
 -17.733    9.326  140.334   12.380    0.002    0.057    0.004    0.064
  10.179    6.906  116.821   10.600   -0.026    0.045   -0.001    0.064
  78.549    8.475  145.626   11.612   -0.086    0.043    0.042    0.058
  87.570    8.255  134.365   11.897   -0.092    0.047    0.058    0.064
  61.851    7.117  150.286    8.799   -0.032    0.037   -0.011    0.044
  94.775    7.721  132.721   11.315   -0.088    0.046    0.090    0.059
  69.208    7.529  153.518    9.955   -0.070    0.037    0.029    0.048
  66.483    9.674  151.827   13.053   -0.071    0.050    0.038    0.064
  25.935    7.586  135.471   11.269   -0.039    0.048    0.056    0.059
  92.528    8.280  137.275   11.726   -0.073    0.048    0.093    0.058
  59.003    6.750  135.170    9.612   -0.027    0.037    0.007    0.052
  44.841    6.480  144.422    8.085   -0.001    0.040    0.002    0.038
  18.075    7.194  118.947   10.947   -0.033    0.046    0.003    0.066
  47.733   10.004  134.725   14.355   -0.048    0.052    0.019    0.076
  63.719    6.391  135.163    8.928   -0.057    0.036    0.013    0.049
  86.538    8.205  140.571   11.560   -0.088    0.045    0.093    0.057
  31.015    7.324  128.569    9.652   -0.000    0.049    0.000    0.052
  -3.015    9.235  119.614   12.824    0.013    0.066    0.025    0.070
  64.307    7.164  157.092    8.857   -0.044    0.035   -0.008    0.043
   4.189    8.470  113.913   12.577    0.033    0.060    0.030    0.072
  -6.147    9.231  121.993   13.154   -0.005    0.065    0.031    0.072
   4.750    8.645  112.841   13.358    0.034    0.062    0.013    0.082
  66.402    7.455  146.425    9.435   -0.035    0.041   -0.005    0.049
  23.936    7.685  129.324   11.264   -0.051    0.047    0.033    0.060
  25.251    8.395  154.892   12.678   -0.018    0.046    0.087    0.057
 -25.320   12.715  118.412   17.784   -0.001    0.092   -0.001    0.103
   7.782    8.323  110.111   12.213    0.006    0.063    0.004    0.076
  75.267    8.274  145.058   11.442   -0.099    0.043    0.079    0.056
  -1.643   12.857  137.301   16.302   -0.002    0.077    0.002    0.080
 -35.961   12.192  128.397   17.081    0.001    0.080   -0.000    0.097
  10.284    8.863  110.674   12.508   -0.001    0.068    0.000    0.076
 -44.541   11.294   99.853   20.378    0.000    0.076   -0.001    0.138
  58.750    7.459  136.426   10.445   -0.023    0.046    0.016    0.055
  21.532    8.913  133.450   12.461   -0.034    0.053    0.027    0.064
  38.111    8.079  128.843   10.923   -0.000    0.055   -0.000    0.060
  64.990    6.650  132.906    9.523   -0.045    0.037    0.016    0.052
  67.633    8.107  155.519    9.234   -0.032    0.042   -0.027    0.044
   7.232   10.630  112.132   13.340   -0.001    0.081    0.001    0.074
  28.212   10.604  129.711   15.577   -0.006    0.071    0.027    0.085
 -50.606   13.364  126.813   18.630    0.016    0.080   -0.009    0.102
  -0.492    9.754  124.874   14.197    0.002    0.066    0.001    0.081
  -0.774   10.203  124.383   14.115   -0.006    0.069    0.008    0.079
  70.769    7.332  137.775   10.111   -0.060    0.042    0.017    0.054
 -29.682   16.027  118.429   18.987   -0.001    0.117   -0.001    0.087
  21.642    9.619  129.522   13.612   -0.021    0.058    0.011    0.074
  17.395   12.583  138.819   16.245   -0.006    0.070    0.005    0.078
  67.257    9.139  148.900   12.394   -0.072    0.045    0.041    0.060
  -2.996   12.327  100.000   17.257    0.000    0.095    0.000    0.101
  71.792    8.032  149.613    9.902   -0.035    0.041   -0.015    0.050
  64.917   10.417  118.317   14.653   -0.001    0.076   -0.001    0.090
  33.389    9.535  152.426   13.255   -0.010    0.055    0.036    0.062
  70.696    8.599  154.578   10.640   -0.041    0.041   -0.013    0.052
  47.767   10.562  138.042   15.025   -0.019    0.059    0.010    0.078
  91.398    9.611  137.722   13.183   -0.041    0.052    0.030    0.066
  70.225    8.108  138.325   10.912   -0.022    0.046    0.020    0.054
  84.540    8.407  140.137   11.840   -0.085    0.047    0.089    0.059
  79.358    9.879  147.119   13.449   -0.050    0.048    0.024    0.067
  74.178    8.376  137.757   11.666   -0.048    0.047    0.010    0.063
  64.506   11.122  148.624   14.604   -0.050    0.056    0.043    0.067
  62.802    9.450  145.769   12.856   -0.042    0.051    0.028    0.064
  -5.230   16.895  101.349   25.659   -0.001    0.146   -0.001    0.178
   1.583   10.331   99.346   12.279   -0.000    0.089    0.000    0.069
   1.707   13.195  127.137   17.941   -0.007    0.083    0.005    0.099
  -4.309   13.952  102.922   21.102   -0.001    0.116   -0.000    0.140
  75.316    8.973  143.884   11.953   -0.015    0.050   -0.003    0.061
  15.870   11.994  129.107   15.825   -0.006    0.073    0.005    0.081
  73.734    8.663  149.264   11.399   -0.047    0.043    0.009    0.057
  64.585   12.006  148.416   14.736    0.001    0.061    0.000    0.066
  -2.996   15.514  100.000   21.614    0.000    0.118    0.000    0.125
  83.441   11.563  123.902   17.569   -0.056    0.074    0.049    0.098
  18.967   16.320  100.729   21.741   -0.000    0.138   -0.000    0.136
  67.872    9.935  140.711   12.933   -0.002    0.061    0.002    0.066
  91.544   12.220  138.498   15.192   -0.002    0.070    0.000    0.073
  70.707   16.389  122.682   22.264   -0.001    0.115   -0.001    0.131
  56.233   11.078  143.800   14.668   -0.032    0.059    0.028    0.069
  42.823   13.448  125.761   19.670   -0.009    0.069    0.004    0.108
  73.499   15.583  157.319   19.193    0.000    0.068    0.000    0.087
  47.441   11.205  118.608   17.724   -0.027    0.071    0.011    0.104
  45.402   12.889  125.649   19.437   -0.001    0.074   -0.000    0.114
  -4.893   14.179  109.306   20.868   -0.000    0.115    0.000    0.133
