1e+07	0	180	150	42	0	9000	0.00	15.000	  54.27	3898.99	   0.00	M1e+07_O0_Rh180_Vh150_i42_a0_N9000_R0.00_GH_DensitySphHarm.npz|0
1e+07	0	180	150	42	0	9000	0.00	16.500	  17.04	2595.28	   0.00	M1e+07_O0_Rh180_Vh150_i42_a0_N9000_R0.00_GH_DensitySphHarm.npz|1
1e+07	0	180	150	42	0	9000	0.00	18.150	   6.06	2447.59	   0.00	M1e+07_O0_Rh180_Vh150_i42_a0_N9000_R0.00_GH_DensitySphHarm.npz|2
1e+07	0	180	150	42	0	9000	0.00	19.965	  12.38	3536.21	   0.00	M1e+07_O0_Rh180_Vh150_i42_a0_N9000_R0.00_GH_DensitySphHarm.npz|3
1e+07	0	165	126	42	0	9000	0.00	15.000	  88.92	6204.84	   0.00	M1e+07_O0_Rh165_Vh126_i42_a0_N9000_R0.00_GH_DensitySphHarm.npz|0
1e+07	0	165	126	42	0	9000	0.00	16.500	  37.12	3831.00	   0.00	M1e+07_O0_Rh165_Vh126_i42_a0_N9000_R0.00_GH_DensitySphHarm.npz|1
1e+07	0	165	126	42	0	9000	0.00	18.150	  13.62	2691.16	   0.00	M1e+07_O0_Rh165_Vh126_i42_a0_N9000_R0.00_GH_DensitySphHarm.npz|2
1e+07	0	165	126	42	0	9000	0.00	19.965	  10.17	2783.33	   0.00	M1e+07_O0_Rh165_Vh126_i42_a0_N9000_R0.00_GH_DensitySphHarm.npz|3
1e+07	0	165	126	42	0	9000	0.00	21.962	  17.02	4225.94	   0.00	M1e+07_O0_Rh165_Vh126_i42_a0_N9000_R0.00_GH_DensitySphHarm.npz|4
1e+07	0	180	150	42	0	40000	0.00	15.000	  37.86	3372.46	   0.00	M1e+07_O0_Rh180_Vh150_i42_a0_N40000_R0.00_GH_DensitySphHarm.npz|0
1e+07	0	180	150	42	0	40000	0.00	16.500	   5.99	2193.26	   0.00	M1e+07_O0_Rh180_Vh150_i42_a0_N40000_R0.00_GH_DensitySphHarm.npz|1
1e+07	0	180	150	42	0	40000	0.00	18.150	   2.08	2128.07	   0.00	M1e+07_O0_Rh180_Vh150_i42_a0_N40000_R0.00_GH_DensitySphHarm.npz|2
1e+07	0	180	150	42	0	40000	0.00	19.965	   9.43	3189.06	   0.00	M1e+07_O0_Rh180_Vh150_i42_a0_N40000_R0.00_GH_DensitySphHarm.npz|3
