# Binning scheme file
# X_pix  Y_pix  binid
-16.0000  -4.0000     240
-16.0000   1.0000     523
-16.0000   6.0000     693
-15.0000  -8.0000     239
-15.0000  -7.0000     239
-15.0000  -6.0000     207
-15.0000  -5.0000     193
-15.0000  -4.0000     188
-15.0000  -3.0000     188
-15.0000  -2.0000     189
-15.0000  -1.0000     189
-15.0000   0.0000     189
-15.0000   1.0000     208
-15.0000   2.0000     306
-15.0000   3.0000     306
-15.0000   4.0000     521
-15.0000   6.0000     525
-15.0000   7.0000     525
-15.0000   8.0000     525
-14.0000  -9.0000     215
-14.0000  -8.0000     215
-14.0000  -7.0000     191
-14.0000  -6.0000     178
-14.0000  -5.0000     168
-14.0000  -4.0000     165
-14.0000  -3.0000     161
-14.0000  -2.0000     162
-14.0000  -1.0000     164
-14.0000   0.0000     167
-14.0000   1.0000     190
-14.0000   2.0000     204
-14.0000   3.0000     273
-14.0000   4.0000     311
-14.0000   5.0000     438
-14.0000   6.0000     525
-14.0000   7.0000     525
-14.0000   8.0000     588
-14.0000   9.0000     588
-13.0000  -9.0000     214
-13.0000  -8.0000     171
-13.0000  -7.0000     171
-13.0000  -6.0000     145
-13.0000  -5.0000     138
-13.0000  -4.0000     134
-13.0000  -3.0000     132
-13.0000  -2.0000     133
-13.0000  -1.0000     136
-13.0000   0.0000     143
-13.0000   1.0000     160
-13.0000   2.0000     170
-13.0000   3.0000     201
-13.0000   4.0000     272
-13.0000   5.0000     310
-13.0000   6.0000     408
-13.0000   7.0000     519
-13.0000   8.0000     588
-13.0000   9.0000     588
-13.0000  10.0000     588
-12.0000 -11.0000     230
-12.0000 -10.0000     230
-12.0000  -9.0000     184
-12.0000  -8.0000     169
-12.0000  -7.0000     140
-12.0000  -6.0000     128
-12.0000  -5.0000     118
-12.0000  -4.0000     111
-12.0000  -3.0000     109
-12.0000  -2.0000     110
-12.0000  -1.0000     114
-12.0000   0.0000     120
-12.0000   1.0000     135
-12.0000   2.0000     156
-12.0000   3.0000     166
-12.0000   4.0000     205
-12.0000   5.0000     277
-12.0000   6.0000     313
-12.0000   7.0000     410
-12.0000   8.0000     518
-12.0000   9.0000     518
-12.0000  10.0000     589
-11.0000 -10.0000     194
-11.0000  -9.0000     173
-11.0000  -8.0000     139
-11.0000  -7.0000     121
-11.0000  -6.0000     108
-11.0000  -5.0000      99
-11.0000  -4.0000      95
-11.0000  -3.0000      90
-11.0000  -2.0000      91
-11.0000  -1.0000      97
-11.0000   0.0000     103
-11.0000   1.0000     116
-11.0000   2.0000     122
-11.0000   3.0000     158
-11.0000   4.0000     192
-11.0000   5.0000     209
-11.0000   6.0000     305
-11.0000   7.0000     336
-11.0000   8.0000     439
-11.0000   9.0000     522
-11.0000  10.0000     589
-11.0000  11.0000     589
-10.0000 -11.0000     231
-10.0000 -10.0000     183
-10.0000  -9.0000     144
-10.0000  -8.0000     126
-10.0000  -7.0000     107
-10.0000  -6.0000      93
-10.0000  -5.0000      87
-10.0000  -4.0000      81
-10.0000  -3.0000      74
-10.0000  -2.0000      72
-10.0000  -1.0000      80
-10.0000   0.0000      85
-10.0000   1.0000     100
-10.0000   2.0000     115
-10.0000   3.0000     141
-10.0000   4.0000     163
-10.0000   5.0000     206
-10.0000   6.0000     276
-10.0000   7.0000     312
-10.0000   8.0000     405
-10.0000   9.0000     478
-10.0000  10.0000     535
-10.0000  11.0000     597
 -9.0000 -12.0000     245
 -9.0000 -11.0000     218
 -9.0000 -10.0000     177
 -9.0000  -9.0000     137
 -9.0000  -8.0000     112
 -9.0000  -7.0000      92
 -9.0000  -6.0000      83
 -9.0000  -5.0000      71
 -9.0000  -4.0000      66
 -9.0000  -3.0000      62
 -9.0000  -2.0000      60
 -9.0000  -1.0000      61
 -9.0000   0.0000      68
 -9.0000   1.0000      82
 -9.0000   2.0000     102
 -9.0000   3.0000     119
 -9.0000   4.0000     157
 -9.0000   5.0000     199
 -9.0000   6.0000     270
 -9.0000   7.0000     307
 -9.0000   8.0000     350
 -9.0000   9.0000     435
 -9.0000  10.0000     515
 -9.0000  11.0000     564
 -9.0000  13.0000     686
 -8.0000 -14.0000     365
 -8.0000 -13.0000     365
 -8.0000 -12.0000     243
 -8.0000 -11.0000     212
 -8.0000 -10.0000     174
 -8.0000  -9.0000     130
 -8.0000  -8.0000      98
 -8.0000  -7.0000      86
 -8.0000  -6.0000      70
 -8.0000  -5.0000      64
 -8.0000  -4.0000      53
 -8.0000  -3.0000      48
 -8.0000  -2.0000      46
 -8.0000  -1.0000      51
 -8.0000   0.0000      55
 -8.0000   1.0000      63
 -8.0000   2.0000      84
 -8.0000   3.0000     113
 -8.0000   4.0000     149
 -8.0000   5.0000     196
 -8.0000   6.0000     267
 -8.0000   7.0000     302
 -8.0000   8.0000     335
 -8.0000   9.0000     407
 -8.0000  10.0000     479
 -8.0000  11.0000     534
 -8.0000  12.0000     594
 -7.0000 -13.0000     365
 -7.0000 -12.0000     241
 -7.0000 -11.0000     213
 -7.0000 -10.0000     172
 -7.0000  -9.0000     124
 -7.0000  -8.0000      94
 -7.0000  -7.0000      78
 -7.0000  -6.0000      65
 -7.0000  -5.0000      49
 -7.0000  -4.0000      44
 -7.0000  -3.0000      40
 -7.0000  -2.0000      38
 -7.0000  -1.0000      39
 -7.0000   0.0000      42
 -7.0000   1.0000      54
 -7.0000   2.0000      67
 -7.0000   3.0000     106
 -7.0000   4.0000     146
 -7.0000   5.0000     195
 -7.0000   6.0000     263
 -7.0000   7.0000     297
 -7.0000   8.0000     328
 -7.0000   9.0000     401
 -7.0000  10.0000     445
 -7.0000  11.0000     520
 -7.0000  12.0000     586
 -7.0000  13.0000     586
 -6.0000 -14.0000     362
 -6.0000 -13.0000     362
 -6.0000 -12.0000     244
 -6.0000 -11.0000     219
 -6.0000 -10.0000     175
 -6.0000  -9.0000     125
 -6.0000  -8.0000      88
 -6.0000  -7.0000      73
 -6.0000  -6.0000      52
 -6.0000  -5.0000      43
 -6.0000  -4.0000      34
 -6.0000  -3.0000      31
 -6.0000  -2.0000      27
 -6.0000  -1.0000      26
 -6.0000   0.0000      29
 -6.0000   1.0000      41
 -6.0000   2.0000      58
 -6.0000   3.0000     104
 -6.0000   4.0000     148
 -6.0000   5.0000     197
 -6.0000   6.0000     264
 -6.0000   7.0000     296
 -6.0000   8.0000     326
 -6.0000   9.0000     398
 -6.0000  10.0000     440
 -6.0000  11.0000     510
 -6.0000  12.0000     555
 -6.0000  13.0000     600
 -5.0000 -14.0000     468
 -5.0000 -13.0000     361
 -5.0000 -12.0000     247
 -5.0000 -11.0000     225
 -5.0000 -10.0000     181
 -5.0000  -9.0000     131
 -5.0000  -8.0000      89
 -5.0000  -7.0000      69
 -5.0000  -6.0000      47
 -5.0000  -5.0000      36
 -5.0000  -4.0000      30
 -5.0000  -3.0000      21
 -5.0000  -2.0000      18
 -5.0000  -1.0000      19
 -5.0000   0.0000      22
 -5.0000   1.0000      28
 -5.0000   2.0000      56
 -5.0000   3.0000     105
 -5.0000   4.0000     154
 -5.0000   5.0000     203
 -5.0000   6.0000     268
 -5.0000   7.0000     298
 -5.0000   8.0000     327
 -5.0000   9.0000     393
 -5.0000  10.0000     436
 -5.0000  11.0000     506
 -5.0000  12.0000     543
 -5.0000  13.0000     598
 -5.0000  14.0000     674
 -4.0000 -17.0000     637
 -4.0000 -16.0000     637
 -4.0000 -15.0000     465
 -4.0000 -14.0000     465
 -4.0000 -13.0000     364
 -4.0000 -12.0000     256
 -4.0000 -11.0000     232
 -4.0000 -10.0000     185
 -4.0000  -9.0000     142
 -4.0000  -8.0000      96
 -4.0000  -7.0000      75
 -4.0000  -6.0000      45
 -4.0000  -5.0000      32
 -4.0000  -4.0000      20
 -4.0000  -3.0000      14
 -4.0000  -2.0000      12
 -4.0000  -1.0000      10
 -4.0000   0.0000      13
 -4.0000   1.0000      24
 -4.0000   2.0000      57
 -4.0000   3.0000     117
 -4.0000   4.0000     159
 -4.0000   5.0000     210
 -4.0000   6.0000     271
 -4.0000   7.0000     303
 -4.0000   8.0000     333
 -4.0000   9.0000     394
 -4.0000  10.0000     434
 -4.0000  11.0000     500
 -4.0000  12.0000     539
 -4.0000  13.0000     592
 -3.0000 -16.0000     637
 -3.0000 -15.0000     634
 -3.0000 -14.0000     466
 -3.0000 -13.0000     367
 -3.0000 -12.0000     290
 -3.0000 -11.0000     242
 -3.0000 -10.0000     222
 -3.0000  -9.0000     179
 -3.0000  -8.0000     127
 -3.0000  -7.0000      79
 -3.0000  -6.0000      50
 -3.0000  -5.0000      33
 -3.0000  -4.0000      16
 -3.0000  -3.0000      11
 -3.0000  -2.0000       7
 -3.0000  -1.0000       6
 -3.0000   0.0000       8
 -3.0000   1.0000      23
 -3.0000   2.0000      59
 -3.0000   3.0000     152
 -3.0000   4.0000     202
 -3.0000   5.0000     259
 -3.0000   6.0000     279
 -3.0000   7.0000     309
 -3.0000   8.0000     337
 -3.0000   9.0000     399
 -3.0000  10.0000     437
 -3.0000  11.0000     499
 -3.0000  12.0000     537
 -3.0000  13.0000     590
 -2.0000 -16.0000     634
 -2.0000 -15.0000     634
 -2.0000 -14.0000     469
 -2.0000 -13.0000     373
 -2.0000 -12.0000     344
 -2.0000 -11.0000     255
 -2.0000 -10.0000     237
 -2.0000  -9.0000     216
 -2.0000  -8.0000     176
 -2.0000  -7.0000     101
 -2.0000  -6.0000      76
 -2.0000  -5.0000      37
 -2.0000  -4.0000      17
 -2.0000  -3.0000       9
 -2.0000  -2.0000       4
 -2.0000  -1.0000       2
 -2.0000   0.0000       3
 -2.0000   1.0000      25
 -2.0000   2.0000     123
 -2.0000   3.0000     198
 -2.0000   4.0000     229
 -2.0000   5.0000     269
 -2.0000   6.0000     295
 -2.0000   7.0000     321
 -2.0000   8.0000     351
 -2.0000   9.0000     404
 -2.0000  10.0000     442
 -2.0000  11.0000     502
 -2.0000  12.0000     540
 -1.0000 -17.0000     635
 -1.0000 -16.0000     635
 -1.0000 -15.0000     476
 -1.0000 -14.0000     476
 -1.0000 -13.0000     389
 -1.0000 -12.0000     359
 -1.0000 -11.0000     291
 -1.0000 -10.0000     248
 -1.0000  -9.0000     233
 -1.0000  -8.0000     217
 -1.0000  -7.0000     180
 -1.0000  -6.0000     129
 -1.0000  -5.0000      77
 -1.0000  -4.0000      35
 -1.0000  -3.0000      15
 -1.0000  -2.0000       5
 -1.0000  -1.0000       1
 -1.0000   0.0000       0
 -1.0000   1.0000     153
 -1.0000   2.0000     200
 -1.0000   3.0000     228
 -1.0000   4.0000     262
 -1.0000   5.0000     284
 -1.0000   6.0000     308
 -1.0000   7.0000     334
 -1.0000   8.0000     375
 -1.0000   9.0000     409
 -1.0000  10.0000     448
 -1.0000  11.0000     507
 -1.0000  12.0000     544
 -1.0000  13.0000     591
  0.0000 -16.0000     635
  0.0000 -15.0000     494
  0.0000 -14.0000     494
  0.0000 -13.0000     428
  0.0000 -12.0000     369
  0.0000 -11.0000     343
  0.0000 -10.0000     285
  0.0000  -9.0000     249
  0.0000  -8.0000     238
  0.0000  -7.0000     224
  0.0000  -6.0000     186
  0.0000  -5.0000     182
  0.0000  -4.0000     151
  0.0000  -3.0000     147
  0.0000  -2.0000     150
  0.0000  -1.0000     155
  0.0000   0.0000     187
  0.0000   1.0000     211
  0.0000   2.0000     235
  0.0000   3.0000     261
  0.0000   4.0000     278
  0.0000   5.0000     301
  0.0000   6.0000     324
  0.0000   7.0000     349
  0.0000   8.0000     395
  0.0000   9.0000     426
  0.0000  10.0000     461
  0.0000  11.0000     514
  0.0000  12.0000     551
  0.0000  13.0000     596
  1.0000 -16.0000     643
  1.0000 -15.0000     643
  1.0000 -14.0000     561
  1.0000 -13.0000     464
  1.0000 -12.0000     388
  1.0000 -11.0000     363
  1.0000 -10.0000     330
  1.0000  -9.0000     287
  1.0000  -8.0000     257
  1.0000  -7.0000     246
  1.0000  -6.0000     236
  1.0000  -5.0000     227
  1.0000  -4.0000     223
  1.0000  -3.0000     220
  1.0000  -2.0000     221
  1.0000  -1.0000     226
  1.0000   0.0000     234
  1.0000   1.0000     252
  1.0000   2.0000     266
  1.0000   3.0000     281
  1.0000   4.0000     299
  1.0000   5.0000     320
  1.0000   6.0000     340
  1.0000   7.0000     381
  1.0000   8.0000     406
  1.0000   9.0000     441
  1.0000  10.0000     490
  1.0000  11.0000     524
  1.0000  12.0000     563
  2.0000 -15.0000     643
  2.0000 -14.0000     561
  2.0000 -13.0000     477
  2.0000 -12.0000     429
  2.0000 -11.0000     383
  2.0000 -10.0000     358
  2.0000  -9.0000     331
  2.0000  -8.0000     292
  2.0000  -7.0000     275
  2.0000  -6.0000     260
  2.0000  -5.0000     254
  2.0000  -4.0000     251
  2.0000  -3.0000     250
  2.0000  -2.0000     253
  2.0000  -1.0000     258
  2.0000   0.0000     265
  2.0000   1.0000     274
  2.0000   2.0000     289
  2.0000   3.0000     304
  2.0000   4.0000     322
  2.0000   5.0000     339
  2.0000   6.0000     371
  2.0000   7.0000     400
  2.0000   8.0000     427
  2.0000   9.0000     454
  2.0000  10.0000     505
  2.0000  11.0000     538
  2.0000  12.0000     582
  2.0000  13.0000     609
  3.0000 -15.0000     624
  3.0000 -14.0000     624
  3.0000 -13.0000     516
  3.0000 -12.0000     467
  3.0000 -11.0000     421
  3.0000 -10.0000     379
  3.0000  -9.0000     360
  3.0000  -8.0000     341
  3.0000  -7.0000     317
  3.0000  -6.0000     294
  3.0000  -5.0000     288
  3.0000  -4.0000     283
  3.0000  -3.0000     280
  3.0000  -2.0000     282
  3.0000  -1.0000     286
  3.0000   0.0000     293
  3.0000   1.0000     300
  3.0000   2.0000     314
  3.0000   3.0000     329
  3.0000   4.0000     345
  3.0000   5.0000     370
  3.0000   6.0000     396
  3.0000   7.0000     420
  3.0000   8.0000     446
  3.0000   9.0000     487
  3.0000  10.0000     517
  3.0000  11.0000     554
  3.0000  12.0000     593
  3.0000  13.0000     622
  4.0000 -14.0000     639
  4.0000 -13.0000     572
  4.0000 -12.0000     492
  4.0000 -11.0000     459
  4.0000 -10.0000     419
  4.0000  -9.0000     384
  4.0000  -8.0000     366
  4.0000  -7.0000     354
  4.0000  -6.0000     338
  4.0000  -5.0000     325
  4.0000  -4.0000     319
  4.0000  -3.0000     316
  4.0000  -2.0000     315
  4.0000  -1.0000     318
  4.0000   0.0000     323
  4.0000   1.0000     332
  4.0000   2.0000     342
  4.0000   3.0000     355
  4.0000   4.0000     374
  4.0000   5.0000     397
  4.0000   6.0000     416
  4.0000   7.0000     443
  4.0000   8.0000     475
  4.0000   9.0000     508
  4.0000  10.0000     541
  4.0000  11.0000     575
  4.0000  12.0000     602
  4.0000  13.0000     661
  5.0000 -13.0000     623
  5.0000 -12.0000     560
  5.0000 -11.0000     483
  5.0000 -10.0000     458
  5.0000  -9.0000     423
  5.0000  -8.0000     390
  5.0000  -7.0000     378
  5.0000  -6.0000     368
  5.0000  -5.0000     356
  5.0000  -4.0000     352
  5.0000  -3.0000     347
  5.0000  -2.0000     346
  5.0000  -1.0000     348
  5.0000   0.0000     353
  5.0000   1.0000     357
  5.0000   2.0000     372
  5.0000   3.0000     387
  5.0000   4.0000     403
  5.0000   5.0000     422
  5.0000   6.0000     444
  5.0000   7.0000     471
  5.0000   8.0000     501
  5.0000   9.0000     528
  5.0000  10.0000     562
  5.0000  11.0000     595
  5.0000  12.0000     621
  5.0000  13.0000     670
  6.0000 -12.0000     560
  6.0000 -11.0000     548
  6.0000 -10.0000     485
  6.0000  -9.0000     462
  6.0000  -8.0000     431
  6.0000  -7.0000     415
  6.0000  -6.0000     392
  6.0000  -5.0000     386
  6.0000  -4.0000     382
  6.0000  -3.0000     377
  6.0000  -2.0000     376
  6.0000  -1.0000     380
  6.0000   0.0000     385
  6.0000   1.0000     391
  6.0000   2.0000     402
  6.0000   3.0000     414
  6.0000   4.0000     430
  6.0000   5.0000     449
  6.0000   6.0000     474
  6.0000   7.0000     498
  6.0000   8.0000     526
  6.0000   9.0000     553
  6.0000  10.0000     585
  6.0000  11.0000     610
  6.0000  12.0000     660
  7.0000 -12.0000     636
  7.0000 -11.0000     576
  7.0000 -10.0000     549
  7.0000  -9.0000     493
  7.0000  -8.0000     472
  7.0000  -7.0000     456
  7.0000  -6.0000     433
  7.0000  -5.0000     425
  7.0000  -4.0000     418
  7.0000  -3.0000     413
  7.0000  -2.0000     411
  7.0000  -1.0000     412
  7.0000   0.0000     417
  7.0000   1.0000     424
  7.0000   2.0000     432
  7.0000   3.0000     447
  7.0000   4.0000     460
  7.0000   5.0000     481
  7.0000   6.0000     504
  7.0000   7.0000     527
  7.0000   8.0000     552
  7.0000   9.0000     581
  7.0000  10.0000     604
  7.0000  11.0000     633
  8.0000 -12.0000     650
  8.0000 -11.0000     630
  8.0000 -10.0000     577
  8.0000  -9.0000     558
  8.0000  -8.0000     509
  8.0000  -7.0000     489
  8.0000  -6.0000     473
  8.0000  -5.0000     463
  8.0000  -4.0000     455
  8.0000  -3.0000     452
  8.0000  -2.0000     450
  8.0000  -1.0000     451
  8.0000   0.0000     453
  8.0000   1.0000     457
  8.0000   2.0000     470
  8.0000   3.0000     480
  8.0000   4.0000     497
  8.0000   5.0000     512
  8.0000   6.0000     536
  8.0000   7.0000     559
  8.0000   8.0000     583
  8.0000   9.0000     603
  8.0000  10.0000     627
  8.0000  12.0000     682
  9.0000 -11.0000     649
  9.0000 -10.0000     632
  9.0000  -9.0000     607
  9.0000  -8.0000     565
  9.0000  -7.0000     547
  9.0000  -6.0000     511
  9.0000  -5.0000     496
  9.0000  -4.0000     491
  9.0000  -3.0000     486
  9.0000  -2.0000     482
  9.0000  -1.0000     484
  9.0000   0.0000     488
  9.0000   1.0000     495
  9.0000   2.0000     503
  9.0000   3.0000     513
  9.0000   4.0000     533
  9.0000   5.0000     550
  9.0000   6.0000     567
  9.0000   7.0000     587
  9.0000   8.0000     608
  9.0000   9.0000     628
  9.0000  10.0000     664
 10.0000 -12.0000     672
 10.0000 -11.0000     672
 10.0000 -10.0000     653
 10.0000  -9.0000     638
 10.0000  -8.0000     618
 10.0000  -7.0000     579
 10.0000  -6.0000     566
 10.0000  -5.0000     556
 10.0000  -4.0000     545
 10.0000  -3.0000     532
 10.0000  -2.0000     530
 10.0000  -1.0000     529
 10.0000   0.0000     531
 10.0000   1.0000     542
 10.0000   2.0000     546
 10.0000   3.0000     557
 10.0000   4.0000     568
 10.0000   5.0000     584
 10.0000   6.0000     601
 10.0000   7.0000     616
 10.0000   8.0000     645
 10.0000   9.0000     666
 10.0000  10.0000     679
 11.0000 -10.0000     653
 11.0000  -9.0000     659
 11.0000  -8.0000     642
 11.0000  -7.0000     631
 11.0000  -6.0000     617
 11.0000  -5.0000     605
 11.0000  -4.0000     578
 11.0000  -3.0000     573
 11.0000  -2.0000     570
 11.0000  -1.0000     569
 11.0000   0.0000     571
 11.0000   1.0000     574
 11.0000   2.0000     580
 11.0000   3.0000     599
 11.0000   4.0000     606
 11.0000   5.0000     615
 11.0000   6.0000     629
 11.0000   7.0000     655
 11.0000   8.0000     669
 11.0000   9.0000     680
 12.0000 -10.0000     678
 12.0000  -9.0000     678
 12.0000  -8.0000     668
 12.0000  -7.0000     657
 12.0000  -6.0000     644
 12.0000  -5.0000     640
 12.0000  -4.0000     626
 12.0000  -3.0000     620
 12.0000  -2.0000     614
 12.0000  -1.0000     612
 12.0000   0.0000     611
 12.0000   1.0000     613
 12.0000   2.0000     619
 12.0000   3.0000     625
 12.0000   4.0000     641
 12.0000   5.0000     654
 12.0000   6.0000     665
 12.0000   7.0000     675
 12.0000   8.0000     684
 12.0000   9.0000     690
 13.0000  -9.0000     685
 13.0000  -8.0000     685
 13.0000  -7.0000     677
 13.0000  -6.0000     671
 13.0000  -5.0000     663
 13.0000  -4.0000     658
 13.0000  -3.0000     652
 13.0000  -2.0000     648
 13.0000  -1.0000     646
 13.0000   0.0000     647
 13.0000   1.0000     651
 13.0000   2.0000     656
 13.0000   3.0000     662
 13.0000   4.0000     667
 13.0000   5.0000     676
 13.0000   6.0000     681
 13.0000   7.0000     687
 13.0000   8.0000     691
 14.0000  -5.0000     683
 14.0000   0.0000     673
 14.0000   5.0000     689
 14.0000   7.0000     694
 15.0000  -5.0000     692
 15.0000   0.0000     688
 15.0000   5.0000     689
