1e+07	0	180	150	42	0	10000	0.00	15.000	  55.17	4148.86	   0.00	M1e+07_O0_Rh180_Vh150_i42_a0_N10000_R0.00_GH_DensitySphHarm.npz|0
1e+07	0	180	150	42	0	10000	0.00	16.500	  21.41	2851.55	   0.00	M1e+07_O0_Rh180_Vh150_i42_a0_N10000_R0.00_GH_DensitySphHarm.npz|1
1e+07	0	180	150	42	0	10000	0.00	18.150	   7.92	2725.69	   0.00	M1e+07_O0_Rh180_Vh150_i42_a0_N10000_R0.00_GH_DensitySphHarm.npz|2
1e+07	0	180	150	42	0	10000	0.00	19.965	  14.56	3809.06	   0.00	M1e+07_O0_Rh180_Vh150_i42_a0_N10000_R0.00_GH_DensitySphHarm.npz|3
1e+07	0	148	153	42	0	10000	0.00	15.000	  11.08	2646.83	   0.00	M1e+07_O0_Rh148_Vh153_i42_a0_N10000_R0.00_GH_DensitySphHarm.npz|0
1e+07	0	148	153	42	0	10000	0.00	16.500	   3.12	2262.36	   0.00	M1e+07_O0_Rh148_Vh153_i42_a0_N10000_R0.00_GH_DensitySphHarm.npz|1
1e+07	0	148	153	42	0	10000	0.00	18.150	   8.31	3057.02	   0.00	M1e+07_O0_Rh148_Vh153_i42_a0_N10000_R0.00_GH_DensitySphHarm.npz|2
1e+07	0	146	136	42	0	10000	0.00	15.000	  70.79	4083.38	   0.00	M1e+07_O0_Rh146_Vh136_i42_a0_N10000_R0.00_GH_DensitySphHarm.npz|0
1e+07	0	146	136	42	0	10000	0.00	16.500	  29.15	2755.70	   0.00	M1e+07_O0_Rh146_Vh136_i42_a0_N10000_R0.00_GH_DensitySphHarm.npz|1
1e+07	0	146	136	42	0	10000	0.00	18.150	  13.93	2607.23	   0.00	M1e+07_O0_Rh146_Vh136_i42_a0_N10000_R0.00_GH_DensitySphHarm.npz|2
1e+07	0	146	136	42	0	10000	0.00	19.965	  15.49	3688.66	   0.00	M1e+07_O0_Rh146_Vh136_i42_a0_N10000_R0.00_GH_DensitySphHarm.npz|3
1e+07	0	168	133	42	0	10000	0.00	15.000	  97.59	5452.19	   0.00	M1e+07_O0_Rh168_Vh133_i42_a0_N10000_R0.00_GH_DensitySphHarm.npz|0
1e+07	0	168	133	42	0	10000	0.00	16.500	  44.31	3451.69	   0.00	M1e+07_O0_Rh168_Vh133_i42_a0_N10000_R0.00_GH_DensitySphHarm.npz|1
1e+07	0	168	133	42	0	10000	0.00	18.150	  17.65	2665.52	   0.00	M1e+07_O0_Rh168_Vh133_i42_a0_N10000_R0.00_GH_DensitySphHarm.npz|2
1e+07	0	168	133	42	0	10000	0.00	19.965	  13.33	3086.25	   0.00	M1e+07_O0_Rh168_Vh133_i42_a0_N10000_R0.00_GH_DensitySphHarm.npz|3
1e+07	0	150	147	42	0	10000	0.00	15.000	  42.41	3934.34	   0.00	M1e+07_O0_Rh150_Vh147_i42_a0_N10000_R0.00_GH_DensitySphHarm.npz|0
1e+07	0	150	147	42	0	10000	0.00	16.500	  22.10	3057.89	   0.00	M1e+07_O0_Rh150_Vh147_i42_a0_N10000_R0.00_GH_DensitySphHarm.npz|1
1e+07	0	150	147	42	0	10000	0.00	18.150	  19.08	3361.89	   0.00	M1e+07_O0_Rh150_Vh147_i42_a0_N10000_R0.00_GH_DensitySphHarm.npz|2
1e+07	0	164	142	42	0	10000	0.00	15.000	  51.26	3865.52	   0.00	M1e+07_O0_Rh164_Vh142_i42_a0_N10000_R0.00_GH_DensitySphHarm.npz|0
1e+07	0	164	142	42	0	10000	0.00	16.500	  14.85	2491.01	   0.00	M1e+07_O0_Rh164_Vh142_i42_a0_N10000_R0.00_GH_DensitySphHarm.npz|1
1e+07	0	164	142	42	0	10000	0.00	18.150	   4.27	2283.13	   0.00	M1e+07_O0_Rh164_Vh142_i42_a0_N10000_R0.00_GH_DensitySphHarm.npz|2
1e+07	0	164	142	42	0	10000	0.00	19.965	  10.28	3266.36	   0.00	M1e+07_O0_Rh164_Vh142_i42_a0_N10000_R0.00_GH_DensitySphHarm.npz|3
1e+07	0	185	155	42	0	10000	0.00	15.000	  62.60	3982.24	   0.00	M1e+07_O0_Rh185_Vh155_i42_a0_N10000_R0.00_GH_DensitySphHarm.npz|0
1e+07	0	185	155	42	0	10000	0.00	16.500	  28.20	2794.91	   0.00	M1e+07_O0_Rh185_Vh155_i42_a0_N10000_R0.00_GH_DensitySphHarm.npz|1
1e+07	0	185	155	42	0	10000	0.00	18.150	  19.35	2790.32	   0.00	M1e+07_O0_Rh185_Vh155_i42_a0_N10000_R0.00_GH_DensitySphHarm.npz|2
1e+07	0	185	155	42	0	10000	0.00	19.965	  23.28	4079.73	   0.00	M1e+07_O0_Rh185_Vh155_i42_a0_N10000_R0.00_GH_DensitySphHarm.npz|3
1e+07	0	156	179	42	0	10000	0.00	15.000	   2.37	2163.24	   0.00	M1e+07_O0_Rh156_Vh179_i42_a0_N10000_R0.00_GH_DensitySphHarm.npz|0
1e+07	0	156	179	42	0	10000	0.00	16.500	   7.19	2855.13	   0.00	M1e+07_O0_Rh156_Vh179_i42_a0_N10000_R0.00_GH_DensitySphHarm.npz|1
1e+07	0	156	179	42	0	10000	0.00	13.636	  14.64	2589.12	   0.00	M1e+07_O0_Rh156_Vh179_i42_a0_N10000_R0.00_GH_DensitySphHarm.npz|2
1e+07	0	147	175	42	0	10000	0.00	15.000	   1.75	2202.85	   0.00	M1e+07_O0_Rh147_Vh175_i42_a0_N10000_R0.00_GH_DensitySphHarm.npz|0
1e+07	0	147	175	42	0	10000	0.00	16.500	   6.57	2961.90	   0.00	M1e+07_O0_Rh147_Vh175_i42_a0_N10000_R0.00_GH_DensitySphHarm.npz|1
1e+07	0	147	175	42	0	10000	0.00	13.636	  11.04	2557.91	   0.00	M1e+07_O0_Rh147_Vh175_i42_a0_N10000_R0.00_GH_DensitySphHarm.npz|2
