# Binning scheme file
# X_pix  Y_pix  binid
-14.0000  -5.0000      72
-14.0000  -4.0000      72
-14.0000  -3.0000      72
-14.0000  -2.0000      72
-14.0000   0.0000      78
-14.0000   1.0000      98
-14.0000   2.0000      98
-14.0000   3.0000      98
-14.0000   6.0000     210
-14.0000   7.0000     210
-13.0000  -7.0000      77
-13.0000  -6.0000      77
-13.0000  -5.0000      77
-13.0000  -4.0000      72
-13.0000  -3.0000      72
-13.0000  -2.0000      72
-13.0000  -1.0000      78
-13.0000   0.0000      78
-13.0000   1.0000      98
-13.0000   2.0000      98
-13.0000   3.0000      98
-13.0000   4.0000     210
-13.0000   5.0000     210
-13.0000   6.0000     210
-13.0000   7.0000     210
-13.0000   8.0000     214
-12.0000  -8.0000      77
-12.0000  -7.0000      77
-12.0000  -6.0000      77
-12.0000  -5.0000      77
-12.0000  -4.0000      72
-12.0000  -3.0000      72
-12.0000  -2.0000      72
-12.0000  -1.0000      78
-12.0000   0.0000      78
-12.0000   1.0000      98
-12.0000   2.0000      98
-12.0000   3.0000      98
-12.0000   4.0000     210
-12.0000   5.0000     210
-12.0000   6.0000     210
-12.0000   7.0000     214
-12.0000   8.0000     214
-12.0000   9.0000     214
-11.0000  -9.0000      69
-11.0000  -8.0000      77
-11.0000  -7.0000      77
-11.0000  -6.0000      77
-11.0000  -5.0000      70
-11.0000  -4.0000      70
-11.0000  -3.0000      72
-11.0000  -2.0000      68
-11.0000  -1.0000      78
-11.0000   0.0000      78
-11.0000   1.0000      79
-11.0000   2.0000     102
-11.0000   3.0000     102
-11.0000   4.0000     122
-11.0000   5.0000     122
-11.0000   6.0000     214
-11.0000   7.0000     214
-11.0000   8.0000     214
-11.0000   9.0000     214
-10.0000  -9.0000      69
-10.0000  -8.0000      69
-10.0000  -7.0000      77
-10.0000  -6.0000      70
-10.0000  -5.0000      70
-10.0000  -4.0000      70
-10.0000  -3.0000      68
-10.0000  -2.0000      68
-10.0000  -1.0000      71
-10.0000   0.0000      75
-10.0000   1.0000      79
-10.0000   2.0000     102
-10.0000   3.0000     102
-10.0000   4.0000     122
-10.0000   5.0000     122
-10.0000   6.0000     122
-10.0000   7.0000     214
-10.0000   8.0000     214
-10.0000   9.0000     214
 -9.0000 -10.0000      69
 -9.0000  -9.0000      69
 -9.0000  -8.0000      69
 -9.0000  -7.0000      58
 -9.0000  -6.0000      58
 -9.0000  -5.0000      56
 -9.0000  -4.0000      56
 -9.0000  -3.0000      54
 -9.0000  -2.0000      68
 -9.0000  -1.0000      71
 -9.0000   0.0000      75
 -9.0000   1.0000      79
 -9.0000   2.0000      82
 -9.0000   3.0000     102
 -9.0000   4.0000     122
 -9.0000   5.0000     122
 -9.0000   6.0000     183
 -9.0000   7.0000     183
 -9.0000   8.0000     213
 -9.0000   9.0000     253
 -9.0000  10.0000     253
 -8.0000 -11.0000      69
 -8.0000 -10.0000      69
 -8.0000  -9.0000      69
 -8.0000  -8.0000      58
 -8.0000  -7.0000      58
 -8.0000  -6.0000      58
 -8.0000  -5.0000      56
 -8.0000  -4.0000      56
 -8.0000  -3.0000      54
 -8.0000  -2.0000      55
 -8.0000  -1.0000      57
 -8.0000   0.0000      73
 -8.0000   1.0000      76
 -8.0000   2.0000      82
 -8.0000   3.0000     103
 -8.0000   4.0000     111
 -8.0000   5.0000     130
 -8.0000   6.0000     183
 -8.0000   7.0000     183
 -8.0000   8.0000     213
 -8.0000   9.0000     253
 -8.0000  10.0000     253
 -8.0000  11.0000     253
 -7.0000 -12.0000      61
 -7.0000 -11.0000      61
 -7.0000 -10.0000      61
 -7.0000  -9.0000      61
 -7.0000  -8.0000      61
 -7.0000  -7.0000      58
 -7.0000  -6.0000      41
 -7.0000  -5.0000      41
 -7.0000  -4.0000      44
 -7.0000  -3.0000      43
 -7.0000  -2.0000      45
 -7.0000  -1.0000      47
 -7.0000   0.0000      52
 -7.0000   1.0000      74
 -7.0000   2.0000      80
 -7.0000   3.0000     100
 -7.0000   4.0000     111
 -7.0000   5.0000     130
 -7.0000   6.0000     183
 -7.0000   7.0000     213
 -7.0000   8.0000     213
 -7.0000   9.0000     253
 -7.0000  10.0000     253
 -7.0000  11.0000     253
 -7.0000  12.0000     253
 -6.0000 -12.0000      61
 -6.0000 -11.0000      61
 -6.0000 -10.0000      61
 -6.0000  -9.0000      61
 -6.0000  -8.0000      61
 -6.0000  -7.0000      42
 -6.0000  -6.0000      42
 -6.0000  -5.0000      41
 -6.0000  -4.0000      37
 -6.0000  -3.0000      32
 -6.0000  -2.0000      33
 -6.0000  -1.0000      38
 -6.0000   0.0000      46
 -6.0000   1.0000      53
 -6.0000   2.0000      81
 -6.0000   3.0000      99
 -6.0000   4.0000     110
 -6.0000   5.0000     128
 -6.0000   6.0000     175
 -6.0000   7.0000     200
 -6.0000   8.0000     200
 -6.0000   9.0000     218
 -6.0000  10.0000     218
 -6.0000  11.0000     218
 -6.0000  12.0000     218
 -5.0000 -12.0000      85
 -5.0000 -11.0000      64
 -5.0000 -10.0000      64
 -5.0000  -9.0000      64
 -5.0000  -8.0000      59
 -5.0000  -7.0000      59
 -5.0000  -6.0000      42
 -5.0000  -5.0000      34
 -5.0000  -4.0000      29
 -5.0000  -3.0000      26
 -5.0000  -2.0000      27
 -5.0000  -1.0000      30
 -5.0000   0.0000      35
 -5.0000   1.0000      50
 -5.0000   2.0000      83
 -5.0000   3.0000     101
 -5.0000   4.0000     112
 -5.0000   5.0000     129
 -5.0000   6.0000     175
 -5.0000   7.0000     200
 -5.0000   8.0000     200
 -5.0000   9.0000     218
 -5.0000  10.0000     218
 -5.0000  11.0000     218
 -5.0000  12.0000     218
 -4.0000 -13.0000      85
 -4.0000 -12.0000      85
 -4.0000 -11.0000      85
 -4.0000 -10.0000      64
 -4.0000  -9.0000      64
 -4.0000  -8.0000      59
 -4.0000  -7.0000      59
 -4.0000  -6.0000      39
 -4.0000  -5.0000      28
 -4.0000  -4.0000      20
 -4.0000  -3.0000      16
 -4.0000  -2.0000      17
 -4.0000  -1.0000      22
 -4.0000   0.0000      31
 -4.0000   1.0000      48
 -4.0000   2.0000      84
 -4.0000   3.0000     105
 -4.0000   4.0000     114
 -4.0000   5.0000     131
 -4.0000   6.0000     173
 -4.0000   7.0000     196
 -4.0000   8.0000     216
 -4.0000   9.0000     216
 -4.0000  10.0000     218
 -4.0000  11.0000     233
 -4.0000  12.0000     233
 -4.0000  13.0000     233
 -3.0000 -14.0000      85
 -3.0000 -13.0000      85
 -3.0000 -12.0000      85
 -3.0000 -11.0000      85
 -3.0000 -10.0000      64
 -3.0000  -9.0000      64
 -3.0000  -8.0000      60
 -3.0000  -7.0000      60
 -3.0000  -6.0000      36
 -3.0000  -5.0000      21
 -3.0000  -4.0000      14
 -3.0000  -3.0000      11
 -3.0000  -2.0000       9
 -3.0000  -1.0000      13
 -3.0000   0.0000      24
 -3.0000   1.0000      49
 -3.0000   2.0000      93
 -3.0000   3.0000     106
 -3.0000   4.0000     121
 -3.0000   5.0000     136
 -3.0000   6.0000     176
 -3.0000   7.0000     196
 -3.0000   8.0000     216
 -3.0000   9.0000     216
 -3.0000  10.0000     233
 -3.0000  11.0000     233
 -3.0000  12.0000     233
 -3.0000  13.0000     233
 -3.0000  14.0000     233
 -2.0000 -14.0000      85
 -2.0000 -13.0000      85
 -2.0000 -12.0000      85
 -2.0000 -11.0000      85
 -2.0000 -10.0000      86
 -2.0000  -9.0000      86
 -2.0000  -8.0000      62
 -2.0000  -7.0000      62
 -2.0000  -6.0000      40
 -2.0000  -5.0000      18
 -2.0000  -4.0000      12
 -2.0000  -3.0000       7
 -2.0000  -2.0000       4
 -2.0000  -1.0000       5
 -2.0000   0.0000      23
 -2.0000   1.0000      51
 -2.0000   2.0000     104
 -2.0000   3.0000     113
 -2.0000   4.0000     127
 -2.0000   5.0000     158
 -2.0000   6.0000     180
 -2.0000   7.0000     199
 -2.0000   8.0000     199
 -2.0000   9.0000     221
 -2.0000  10.0000     221
 -2.0000  11.0000     233
 -2.0000  12.0000     233
 -2.0000  13.0000     233
 -2.0000  14.0000     233
 -1.0000 -14.0000      85
 -1.0000 -13.0000      85
 -1.0000 -12.0000      85
 -1.0000 -11.0000      86
 -1.0000 -10.0000      86
 -1.0000  -9.0000      86
 -1.0000  -8.0000      66
 -1.0000  -7.0000      66
 -1.0000  -6.0000      63
 -1.0000  -5.0000      19
 -1.0000  -4.0000      10
 -1.0000  -3.0000       6
 -1.0000  -2.0000       2
 -1.0000  -1.0000       1
 -1.0000   0.0000      25
 -1.0000   1.0000      96
 -1.0000   2.0000     108
 -1.0000   3.0000     123
 -1.0000   4.0000     135
 -1.0000   5.0000     161
 -1.0000   6.0000     182
 -1.0000   7.0000     203
 -1.0000   8.0000     221
 -1.0000   9.0000     221
 -1.0000  10.0000     221
 -1.0000  11.0000     252
 -1.0000  12.0000     252
 -1.0000  13.0000     252
 -1.0000  14.0000     252
  0.0000 -14.0000     143
  0.0000 -13.0000     143
  0.0000 -12.0000     143
  0.0000 -11.0000     143
  0.0000 -10.0000      86
  0.0000  -9.0000      88
  0.0000  -8.0000      88
  0.0000  -7.0000      87
  0.0000  -6.0000      67
  0.0000  -5.0000      65
  0.0000  -4.0000      15
  0.0000  -3.0000       8
  0.0000  -2.0000       3
  0.0000  -1.0000       0
  0.0000   0.0000      97
  0.0000   1.0000     109
  0.0000   2.0000     120
  0.0000   3.0000     133
  0.0000   4.0000     156
  0.0000   5.0000     172
  0.0000   6.0000     192
  0.0000   7.0000     211
  0.0000   8.0000     225
  0.0000   9.0000     225
  0.0000  10.0000     225
  0.0000  11.0000     252
  0.0000  12.0000     252
  0.0000  13.0000     252
  0.0000  14.0000     252
  1.0000 -13.0000     143
  1.0000 -12.0000     143
  1.0000 -11.0000     143
  1.0000 -10.0000     143
  1.0000  -9.0000      88
  1.0000  -8.0000      88
  1.0000  -7.0000      94
  1.0000  -6.0000      91
  1.0000  -5.0000      89
  1.0000  -4.0000      90
  1.0000  -3.0000      92
  1.0000  -2.0000      95
  1.0000  -1.0000     107
  1.0000   0.0000     115
  1.0000   1.0000     124
  1.0000   2.0000     134
  1.0000   3.0000     152
  1.0000   4.0000     163
  1.0000   5.0000     181
  1.0000   6.0000     197
  1.0000   7.0000     215
  1.0000   8.0000     229
  1.0000   9.0000     229
  1.0000  10.0000     229
  1.0000  11.0000     255
  1.0000  12.0000     252
  1.0000  13.0000     252
  1.0000  14.0000     252
  2.0000 -12.0000     143
  2.0000 -11.0000     143
  2.0000 -10.0000     144
  2.0000  -9.0000     144
  2.0000  -8.0000     144
  2.0000  -7.0000      94
  2.0000  -6.0000     126
  2.0000  -5.0000     118
  2.0000  -4.0000     116
  2.0000  -3.0000     117
  2.0000  -2.0000     119
  2.0000  -1.0000     125
  2.0000   0.0000     132
  2.0000   1.0000     138
  2.0000   2.0000     151
  2.0000   3.0000     160
  2.0000   4.0000     177
  2.0000   5.0000     193
  2.0000   6.0000     209
  2.0000   7.0000     223
  2.0000   8.0000     234
  2.0000   9.0000     234
  2.0000  10.0000     234
  2.0000  11.0000     255
  2.0000  12.0000     255
  2.0000  13.0000     255
  3.0000 -12.0000     143
  3.0000 -11.0000     143
  3.0000 -10.0000     144
  3.0000  -9.0000     144
  3.0000  -8.0000     144
  3.0000  -7.0000     146
  3.0000  -6.0000     145
  3.0000  -5.0000     141
  3.0000  -4.0000     139
  3.0000  -3.0000     137
  3.0000  -2.0000     140
  3.0000  -1.0000     142
  3.0000   0.0000     147
  3.0000   1.0000     155
  3.0000   2.0000     162
  3.0000   3.0000     174
  3.0000   4.0000     189
  3.0000   5.0000     202
  3.0000   6.0000     219
  3.0000   7.0000     230
  3.0000   8.0000     230
  3.0000   9.0000     234
  3.0000  10.0000     234
  3.0000  11.0000     255
  3.0000  12.0000     255
  3.0000  13.0000     255
  4.0000 -12.0000     166
  4.0000 -11.0000     166
  4.0000 -10.0000     166
  4.0000  -9.0000     166
  4.0000  -8.0000     146
  4.0000  -7.0000     146
  4.0000  -6.0000     154
  4.0000  -5.0000     150
  4.0000  -4.0000     148
  4.0000  -3.0000     149
  4.0000  -2.0000     153
  4.0000  -1.0000     157
  4.0000   0.0000     159
  4.0000   1.0000     170
  4.0000   2.0000     179
  4.0000   3.0000     190
  4.0000   4.0000     201
  4.0000   5.0000     217
  4.0000   6.0000     227
  4.0000   7.0000     227
  4.0000   8.0000     250
  4.0000   9.0000     250
  4.0000  10.0000     260
  4.0000  11.0000     255
  5.0000 -11.0000     166
  5.0000 -10.0000     166
  5.0000  -9.0000     166
  5.0000  -8.0000     169
  5.0000  -7.0000     169
  5.0000  -6.0000     154
  5.0000  -5.0000     167
  5.0000  -4.0000     164
  5.0000  -3.0000     165
  5.0000  -2.0000     168
  5.0000  -1.0000     171
  5.0000   0.0000     178
  5.0000   1.0000     184
  5.0000   2.0000     194
  5.0000   3.0000     204
  5.0000   4.0000     220
  5.0000   5.0000     228
  5.0000   6.0000     240
  5.0000   7.0000     240
  5.0000   8.0000     250
  5.0000   9.0000     250
  5.0000  10.0000     260
  5.0000  11.0000     260
  6.0000 -10.0000     166
  6.0000  -9.0000     166
  6.0000  -8.0000     169
  6.0000  -7.0000     169
  6.0000  -6.0000     188
  6.0000  -5.0000     188
  6.0000  -4.0000     186
  6.0000  -3.0000     185
  6.0000  -2.0000     187
  6.0000  -1.0000     191
  6.0000   0.0000     195
  6.0000   1.0000     198
  6.0000   2.0000     212
  6.0000   3.0000     224
  6.0000   4.0000     232
  6.0000   5.0000     242
  6.0000   6.0000     242
  6.0000   7.0000     254
  6.0000   8.0000     254
  6.0000   9.0000     254
  6.0000  10.0000     260
  6.0000  11.0000     260
  7.0000 -10.0000     166
  7.0000  -9.0000     235
  7.0000  -8.0000     235
  7.0000  -7.0000     235
  7.0000  -6.0000     188
  7.0000  -5.0000     206
  7.0000  -4.0000     206
  7.0000  -3.0000     205
  7.0000  -2.0000     207
  7.0000  -1.0000     208
  7.0000   0.0000     222
  7.0000   1.0000     226
  7.0000   2.0000     231
  7.0000   3.0000     238
  7.0000   4.0000     244
  7.0000   5.0000     249
  7.0000   6.0000     249
  7.0000   7.0000     254
  7.0000   8.0000     254
  7.0000   9.0000     254
  7.0000  10.0000     260
  8.0000 -10.0000     235
  8.0000  -9.0000     235
  8.0000  -8.0000     235
  8.0000  -7.0000     235
  8.0000  -6.0000     241
  8.0000  -5.0000     241
  8.0000  -4.0000     241
  8.0000  -3.0000     236
  8.0000  -2.0000     236
  8.0000  -1.0000     237
  8.0000   0.0000     239
  8.0000   1.0000     243
  8.0000   2.0000     245
  8.0000   3.0000     246
  8.0000   4.0000     246
  8.0000   5.0000     256
  8.0000   6.0000     256
  8.0000   7.0000     261
  8.0000   8.0000     261
  8.0000   9.0000     254
  9.0000  -9.0000     235
  9.0000  -8.0000     235
  9.0000  -7.0000     259
  9.0000  -6.0000     259
  9.0000  -5.0000     241
  9.0000  -4.0000     241
  9.0000  -3.0000     236
  9.0000  -2.0000     236
  9.0000  -1.0000     248
  9.0000   0.0000     248
  9.0000   1.0000     251
  9.0000   2.0000     251
  9.0000   3.0000     257
  9.0000   4.0000     257
  9.0000   5.0000     256
  9.0000   6.0000     256
  9.0000   7.0000     261
  9.0000   8.0000     261
 10.0000  -8.0000     259
 10.0000  -7.0000     259
 10.0000  -6.0000     259
 10.0000  -5.0000     241
 10.0000  -4.0000     247
 10.0000  -3.0000     247
 10.0000  -2.0000     247
 10.0000  -1.0000     248
 10.0000   0.0000     248
 10.0000   1.0000     251
 10.0000   2.0000     251
 10.0000   3.0000     257
 10.0000   4.0000     257
 10.0000   5.0000     262
 10.0000   6.0000     262
 10.0000   7.0000     261
 10.0000   8.0000     261
 11.0000  -7.0000     259
 11.0000  -6.0000     259
 11.0000  -5.0000     259
 11.0000  -4.0000     247
 11.0000  -3.0000     247
 11.0000  -2.0000     247
 11.0000  -1.0000     258
 11.0000   0.0000     258
 11.0000   1.0000     258
 11.0000   2.0000     251
 11.0000   3.0000     257
 11.0000   4.0000     262
 11.0000   5.0000     262
 11.0000   6.0000     262
 11.0000   7.0000     261
 11.0000   8.0000     261
 12.0000  -5.0000     247
 12.0000  -4.0000     247
 12.0000  -1.0000     258
 12.0000   0.0000     258
 12.0000   1.0000     258
 12.0000   2.0000     258
 12.0000   4.0000     262
 12.0000   5.0000     262
 12.0000   6.0000     262
 12.0000   7.0000     262
