# v        v_err    sigma    sigma_err
   2.507    2.126   75.580    3.692    0.005    0.022    0.074    0.032
   1.878    2.344   77.276    4.117    0.004    0.024    0.079    0.035
   1.468    2.799   80.407    4.929    0.006    0.027    0.083    0.041
   2.647    2.376   77.478    4.199   -0.003    0.024    0.080    0.036
  -0.940    2.967   80.737    5.230    0.018    0.029    0.080    0.043
   0.427    2.504   77.539    4.382    0.015    0.025    0.073    0.037
  -1.411    2.903   82.840    5.211    0.004    0.027    0.083    0.042
  -3.611    3.036   81.538    5.405    0.017    0.029    0.078    0.044
  -0.179    2.725   81.671    4.847   -0.005    0.026    0.081    0.039
  -4.505    2.916   78.115    5.240    0.033    0.029    0.065    0.044
  -6.546    3.528   82.154    6.007    0.011    0.034    0.061    0.048
  -7.297    3.374   76.946    5.911    0.028    0.034    0.064    0.050
  -7.984    3.841   81.435    6.296    0.013    0.037    0.059    0.050
  -3.268    2.681   78.047    4.665    0.029    0.027    0.063    0.039
 -11.678    4.651   73.942    7.269    0.022    0.049    0.052    0.062
  -3.863    3.893   79.360    6.223    0.003    0.039    0.045    0.050
 -11.715    4.200   68.965    7.787    0.034    0.047    0.036    0.072
 -10.956    4.091   72.064    7.625    0.044    0.044    0.037    0.069
 -17.042    5.329   73.796    8.264    0.021    0.056    0.020    0.069
 -11.308    5.362   69.551   10.416    0.009    0.058    0.003    0.094
 -16.255    5.443   62.480   10.744    0.019    0.067    0.009    0.105
 -18.755    6.202   66.426   10.792    0.008    0.072    0.005    0.098
  -7.993    3.389   73.852    6.087    0.038    0.035    0.041    0.053
  -0.020    2.360   75.124    4.037    0.008    0.024    0.067    0.035
  -2.824    2.924   76.200    4.787    0.018    0.030    0.061    0.040
   1.005    2.186   73.320    3.652    0.005    0.023    0.064    0.032
 -17.420    5.256   61.303   11.206    0.033    0.065    0.006    0.111
 -17.286    5.024   65.481   10.114    0.036    0.058    0.020    0.096
 -20.635    7.365   54.582   16.272    0.008    0.101   -0.001    0.171
 -17.049    7.760   52.062   17.602    0.015    0.110   -0.007    0.190
 -15.808    4.461   69.561    7.935    0.033    0.050    0.040    0.073
  -6.004    3.086   74.676    5.128    0.024    0.032    0.045    0.044
 -21.483    7.206   53.939   15.771    0.020    0.100   -0.002    0.166
 -22.173    5.720   58.966   12.425    0.030    0.073    0.006    0.125
 -22.343   10.930   45.650   21.566    0.006    0.173   -0.003    0.247
 -12.031    3.853   67.788    6.660    0.024    0.044    0.033    0.061
 -28.105    7.646   54.351   17.741    0.021    0.103   -0.001    0.183
 -21.339   11.270   47.001   24.584    0.005    0.174   -0.001    0.279
 -21.772    5.298   60.561   11.347    0.028    0.066    0.013    0.113
 -30.012   11.251   50.034   23.619    0.007    0.167   -0.001    0.258
 -23.460    5.782   60.482   15.770    0.031    0.066   -0.008    0.157
 -25.965    9.088   57.516   12.251    0.000    0.123    0.002    0.116
 -32.117    9.921   54.219   17.801   -0.002    0.140    0.008    0.184
 -26.791    7.502   59.884   14.228    0.007    0.096    0.013    0.141
 -24.613    9.272   56.580   16.919   -0.001    0.127    0.004    0.173
 -26.702    7.919   56.984   16.943    0.011    0.106    0.005    0.175
 -20.397    5.051   65.989    8.104    0.024    0.060    0.036    0.075
 -25.808    6.825   59.760   13.281    0.017    0.087    0.013    0.132
  -5.355    3.306   74.833    5.247    0.012    0.035    0.047    0.044
  -2.971    3.365   77.734    5.271    0.014    0.034    0.056    0.043
  -7.609    4.403   65.220    7.189    0.010    0.053    0.019    0.066
  -0.454    2.692   74.356    4.441    0.008    0.028    0.062    0.038
 -23.617    6.141   61.811    9.090    0.016    0.076    0.020    0.084
 -19.010    5.934   65.991    9.038    0.011    0.070    0.029    0.081
 -29.598    8.519   60.765   12.232   -0.005    0.110    0.004    0.114
 -28.523    8.730   57.037   14.976   -0.001    0.119    0.009    0.153
 -29.459    7.402   59.362   17.481   -0.001    0.090    0.000    0.175
 -26.984    8.392   57.944   13.298    0.008    0.111    0.013    0.132
 -30.811   12.787   53.114   17.038   -0.001    0.183    0.000    0.173
 -38.555   13.047   45.967   28.269   -0.003    0.207   -0.001    0.320
 -37.603   13.043   46.053   21.659    0.010    0.207   -0.012    0.241
 -28.943   76.029   20.709   20.000   -0.001    2.274   -0.001    0.401
 -34.825   12.424   44.784   28.412    0.013    0.200   -0.012    0.328
 -19.309    5.823   62.135   14.609    0.028    0.065   -0.001    0.142
 -33.676   19.645   39.499   40.982   -0.001    0.351   -0.001    0.517
 -10.796    6.263   64.550   13.614    0.011    0.072    0.002    0.132
 -29.844   11.736   43.841   29.155    0.007    0.189   -0.005    0.345
 -17.059    5.799   60.447   15.658    0.015    0.066    0.003    0.157
 -29.497   11.902   47.915   26.785   -0.002    0.184    0.001    0.307
 -27.624   35.856   32.799   22.754   -0.000    0.735   -0.000    0.274
 -34.298   12.552   52.027   26.992   -0.000    0.180   -0.000    0.291
 -23.885   13.495   44.005   26.028   -0.000    0.222   -0.000    0.312
 -40.511   22.745   41.818   47.766   -0.001    0.381   -0.000    0.584
 -23.193    6.918   59.006   11.054    0.013    0.088    0.015    0.106
 -21.232    5.705   62.538    9.490    0.025    0.069    0.028    0.089
 -20.771   11.225   49.710   10.478   -0.000    0.170    0.000    0.097
 -19.980    7.209   59.269   13.747    0.019    0.089    0.016    0.134
 -34.847   46.769   25.139   91.062   -0.000    1.188   -0.000    1.639
 -23.620   14.030   50.967   20.939   -0.001    0.208   -0.000    0.218
 -17.505    9.574   55.441   18.244    0.002    0.129    0.002    0.186
 -16.954    5.618   63.644   10.968    0.036    0.065    0.024    0.105
 -13.504    5.860   58.936   11.553    0.012    0.074    0.014    0.113
 -16.843    7.298   63.278   12.786    0.023    0.087    0.019    0.118
  -5.632    4.471   66.549    7.082    0.005    0.053    0.014    0.064
  -3.291    3.527   74.276    5.386    0.004    0.038    0.042    0.045
  -7.415   21.271   53.465   25.306   -0.000    0.303    0.000    0.232
 -26.387   16.271   45.850   31.519   -0.001    0.260   -0.001    0.363
 -23.567    8.070   49.614   21.311    0.003    0.115   -0.001    0.236
 -29.295   16.690   38.922   42.652   -0.001    0.300   -0.002    0.550
 -10.093    6.771   63.585   13.137    0.007    0.081    0.005    0.127
  -2.052    4.419   76.311    6.369   -0.000    0.045    0.043    0.051
 -15.025    8.042   58.218   14.553    0.003    0.105    0.004    0.146
   2.277    2.969   78.278    4.925   -0.009    0.030    0.067    0.041
  -1.689    3.362   77.580    5.166    0.005    0.034    0.055    0.042
 -21.244   12.526   48.299   24.395   -0.001    0.191   -0.000    0.276
   3.982    2.659   75.970    4.479   -0.004    0.027    0.071    0.038
   0.037    2.293   71.699    3.703    0.009    0.025    0.051    0.032
   1.276    2.291   72.721    3.756    0.008    0.024    0.058    0.033
 -25.031   18.093   47.916   27.441   -0.000    0.277   -0.000    0.289
  -8.223    5.416   69.105    8.945    0.029    0.060    0.031    0.079
 -10.030    6.087   67.688   12.503    0.028    0.066    0.013    0.115
  -1.283    5.370   65.836    7.535    0.009    0.064    0.019    0.066
 -18.034    9.322   60.309   19.420   -0.002    0.119    0.001    0.191
 -12.219    6.741   68.848   11.935    0.032    0.073    0.020    0.106
  -0.119    2.853   73.568    4.461    0.007    0.030    0.047    0.038
   1.905    4.234   74.492    5.910    0.004    0.045    0.032    0.047
   1.757    3.537   77.080    5.242   -0.004    0.036    0.052    0.042
   3.798    2.285   73.010    3.756    0.005    0.024    0.056    0.033
   1.459    2.543   69.985    3.918    0.007    0.028    0.031    0.034
   0.756    2.540   70.830    3.943    0.007    0.028    0.042    0.034
  -2.263    6.376   65.689   13.028    0.021    0.072    0.015    0.122
  -2.373    7.897   66.351   16.757    0.007    0.088    0.001    0.158
  -0.497    6.812   64.220    9.268    0.016    0.082    0.036    0.084
   1.985    3.531   77.459    5.190   -0.002    0.036    0.048    0.041
   4.858    7.049   64.059    8.688    0.000    0.085    0.023    0.075
   2.511    2.328   71.995    3.770    0.008    0.025    0.051    0.033
  -1.075    4.392   70.076    6.501    0.005    0.049    0.034    0.056
   5.012    4.162   64.829    7.337   -0.003    0.050    0.001    0.070
 -10.682    6.457   66.383    9.596    0.006    0.076    0.016    0.085
   5.721    3.400   75.471    5.119   -0.002    0.035    0.058    0.042
   1.699    2.559   70.285    3.824    0.001    0.028    0.026    0.033
   5.948    4.522   74.708    6.461   -0.013    0.048    0.056    0.052
 -17.423    8.538   74.736   15.441   -0.011    0.086    0.004    0.130
   3.417    3.346   70.900    5.081   -0.002    0.037    0.018    0.044
   2.323    2.621   70.647    4.038    0.004    0.029    0.039    0.035
   5.055    2.760   72.655    4.360   -0.001    0.029    0.050    0.037
 -14.559    8.871   58.444   15.719    0.001    0.116    0.003    0.158
   5.029    4.341   76.193    6.417   -0.011    0.045    0.049    0.052
   2.662    7.226   72.221   12.055    0.011    0.079    0.012    0.103
   4.483    7.370   68.682    9.652    0.004    0.085    0.031    0.082
   2.265    9.144   71.549   15.683   -0.000    0.104    0.000    0.142
   7.362    7.143   67.288    9.155   -0.006    0.083    0.044    0.078
   4.079    2.382   71.009    3.827    0.007    0.026    0.045    0.034
   6.123    3.463   60.570    7.119   -0.005    0.043    0.000    0.072
   3.540    2.565   70.035    3.963   -0.008    0.028    0.028    0.035
   6.238    4.788   81.866    7.079   -0.014    0.046    0.055    0.054
   9.647    5.773   70.542    8.187   -0.020    0.064    0.048    0.070
   2.414    3.811   69.950    5.772   -0.006    0.043    0.039    0.050
   4.192    2.456   69.854    3.921    0.000    0.027    0.036    0.035
  -2.007    5.200   67.992    8.145    0.000    0.060    0.019    0.073
   4.387    3.439   72.053    5.199   -0.011    0.037    0.035    0.044
  -9.810    7.848   64.483   12.300   -0.000    0.095    0.003    0.114
   5.505    2.922   72.515    4.497   -0.006    0.031    0.043    0.038
 -16.866   18.233   48.418   35.133   -0.001    0.278   -0.001    0.390
 -23.840   15.370   40.105   32.798   -0.001    0.266   -0.001    0.410
 -14.513    9.159   59.865    9.374   -0.000    0.119    0.000    0.073
 -15.223   11.281   53.960   15.788   -0.000    0.157    0.000    0.152
   5.067    2.902   69.974    4.479    0.005    0.032    0.034    0.039
  -1.154    6.655   62.503   11.000   -0.005    0.082    0.014    0.105
   1.777    4.899   62.631    7.388   -0.008    0.060    0.027    0.070
  -4.329    7.796   63.792   11.498   -0.000    0.096    0.004    0.106
   6.017    2.598   69.703    4.310   -0.018    0.029    0.032    0.038
   6.755    2.858   70.497    4.933   -0.030    0.031    0.034    0.044
   2.151    4.041   68.064    6.434   -0.011    0.046    0.027    0.058
  -2.807    8.861   60.811   14.239    0.003    0.113    0.003    0.133
   6.263    3.189   69.228    4.847    0.001    0.036    0.028    0.043
  10.809    5.052   63.194    8.947   -0.014    0.060    0.015    0.085
   4.337    3.547   68.677    5.415   -0.005    0.040    0.028    0.048
  10.404    5.120   73.634    7.875   -0.027    0.054    0.045    0.066
   6.616    3.683   67.540    6.092    0.009    0.043    0.016    0.056
   8.970    3.308   70.254    6.026   -0.043    0.036    0.035    0.055
  10.299    5.085   76.986    7.729   -0.026    0.051    0.047    0.062
   8.631    3.225   68.370    5.244   -0.016    0.037    0.034    0.047
  13.056    4.373   60.606   10.642   -0.036    0.050    0.010    0.106
   4.296    8.408   54.519   17.064   -0.001    0.116    0.010    0.182
   2.536    8.118   53.352   16.291   -0.002    0.115    0.006    0.178
 -23.706   16.340   50.487   39.505   -0.001    0.239   -0.001    0.435
   4.133    8.554   59.594   12.648    0.002    0.112    0.011    0.122
   0.611    6.995   58.349   13.482   -0.003    0.092    0.011    0.139
  -6.106   10.799   61.396   17.459    0.000    0.133    0.000    0.161
   9.405    4.412   65.900    7.971    0.011    0.052    0.017    0.075
   3.978    5.821   58.644   11.930    0.005    0.076    0.004    0.121
  12.100    5.074   74.731    7.371   -0.022    0.052    0.049    0.060
  12.819    8.433   65.776   11.939   -0.016    0.100    0.030    0.107
  13.803    4.091   68.526    7.073   -0.040    0.045    0.043    0.065
   5.911    8.864   71.060   15.365   -0.004    0.101    0.005    0.136
  17.476    9.068   61.665   14.639   -0.016    0.112    0.025    0.141
  11.888    4.939   72.671    8.022   -0.042    0.051    0.047    0.069
   8.441    4.313   62.838    8.692    0.015    0.053    0.004    0.086
  13.161    4.288   65.078    7.214   -0.010    0.051    0.027    0.068
  20.084    7.549   66.728   11.915   -0.017    0.087    0.027    0.108
  13.477    5.176   72.760    7.569   -0.026    0.055    0.049    0.063
  19.085    6.442   68.949    9.709   -0.025    0.072    0.040    0.085
   4.131   10.598   73.273   14.545   -0.001    0.118   -0.000    0.121
  12.467    4.562   61.362    9.164    0.009    0.058    0.005    0.092
   5.640    9.458   49.296   19.307    0.002    0.141    0.009    0.220
   8.674   11.163   50.477   22.048    0.003    0.164    0.006    0.245
   3.792    7.420   54.073   15.120    0.000    0.104    0.010    0.162
   6.810    9.647   59.245   14.740    0.015    0.125    0.016    0.142
  15.508    4.685   68.039    8.150   -0.048    0.051    0.043    0.075
  17.042    4.606   64.802    8.013   -0.037    0.053    0.038    0.076
   5.468    6.846   55.677   14.300    0.006    0.094   -0.000    0.151
  18.926    7.011   73.234    9.963   -0.017    0.074    0.041    0.081
  13.710    5.179   71.663    8.108   -0.037    0.055    0.050    0.070
  17.547    5.293   59.870    9.825   -0.012    0.068    0.015    0.099
  10.044    6.144   57.646   12.167    0.010    0.082   -0.007    0.123
  19.880   10.371   58.809   17.865   -0.010    0.135    0.020    0.180
  18.240    8.211   61.601   13.701   -0.014    0.100    0.020    0.132
  15.599    6.484   58.686   12.451    0.002    0.086   -0.004    0.125
  26.236   11.556   54.811   21.899   -0.005    0.159    0.012    0.232
   8.560   10.409   61.032   20.118   -0.007    0.134    0.005    0.199
  20.059    5.019   63.107    9.865   -0.059    0.057    0.034    0.097
  15.773    5.170   67.431    9.147   -0.047    0.057    0.039    0.085
  24.759    9.842   58.864   16.587   -0.011    0.127    0.018    0.166
  20.805    5.977   60.842   10.796   -0.030    0.074    0.022    0.108
   6.175   11.710   44.865   26.143    0.001    0.188    0.006    0.312
   9.991   10.952   52.275   17.886    0.006    0.159    0.009    0.192
   4.401    8.666   55.421   12.439    0.005    0.120    0.013    0.126
   7.200    7.171   56.708   12.213    0.005    0.097    0.009    0.125
  18.114    6.936   62.143   11.392   -0.026    0.084    0.027    0.110
 -19.010   15.758   73.305   36.407   -0.000    0.144   -0.001    0.319
  22.929    9.469   63.636   14.895   -0.009    0.114    0.023    0.139
  18.712    6.146   57.891   12.770   -0.013    0.081    0.008    0.132
   4.787   11.401   70.420   13.767   -0.001    0.131    0.001    0.105
 -15.635   19.770   78.937   30.816   -0.000    0.200   -0.000    0.245
  21.578    9.441   65.634   13.974   -0.008    0.111    0.024    0.126
  20.970   14.161   49.474   31.107    0.001    0.212    0.005    0.355
  19.987    5.624   63.915   10.843   -0.052    0.065    0.026    0.106
  12.122   27.077   39.446   68.541   -0.001    0.479    0.000    0.898
  18.137    7.779   59.998   15.598   -0.023    0.096    0.017    0.155
  22.971    6.298   60.818   12.828   -0.044    0.075    0.028    0.129
  31.100   11.287   57.379   20.456   -0.004    0.153   -0.002    0.198
  11.712    7.242   57.625   15.243    0.006    0.097    0.003    0.157
  21.511    9.579   60.477   16.022   -0.012    0.120    0.018    0.157
  23.165    6.714   62.454   11.509   -0.021    0.082    0.031    0.111
  32.211   12.823   53.309   28.181   -0.004    0.181    0.001    0.302
  16.200    7.371   59.869   14.886    0.003    0.096    0.003    0.149
  21.809    9.036   55.394   19.641   -0.011    0.121    0.006    0.207
  23.844    6.803   59.215   15.097   -0.041    0.082    0.021    0.154
  31.602   14.341   53.205   22.376   -0.002    0.203    0.001    0.234
  23.600   11.804   54.036   22.741    0.000    0.165    0.008    0.241
  19.159    6.867   61.905   12.924   -0.003    0.087    0.009    0.126
  24.528    6.966   65.820   11.342   -0.028    0.081    0.037    0.105
  44.258   21.336   54.434   23.098   -0.001    0.301   -0.000    0.201
  29.696    9.722   53.455   28.796   -0.000    0.123   -0.000    0.306
  -5.037   14.590   57.326   22.781    0.000    0.190    0.000    0.213
   5.879   11.939   46.418   19.064   -0.000    0.189    0.001    0.215
   9.793    8.710   50.557   21.426    0.000    0.124    0.001    0.234
  22.825    7.604   64.833   12.528   -0.005    0.093    0.012    0.117
  13.922    7.576   54.353   18.489    0.000    0.103    0.001    0.196
  23.157    8.801   61.365   14.237   -0.008    0.112    0.015    0.137
   6.038   11.059   63.298   18.157    0.000    0.140    0.010    0.169
  25.130    8.119   71.330   13.435   -0.014    0.090    0.021    0.118
  17.281    7.508   57.590   15.397    0.001    0.100   -0.001    0.155
  26.494    8.242   66.048   11.882   -0.007    0.099    0.018    0.106
  20.735    8.091   62.323   14.757    0.000    0.103   -0.000    0.142
  27.634    8.738   62.997   13.036    0.000    0.107    0.000    0.116
   8.889   12.606   62.456   16.295   -0.001    0.161    0.001    0.140
  16.674   11.448   50.153   22.409   -0.000    0.169   -0.000    0.241
  28.790    9.312   71.448   12.051   -0.003    0.106    0.007    0.097
  24.823   12.696   46.690   35.863    0.000    0.193   -0.000    0.412
  22.440    9.955   54.167   23.926   -0.000    0.136   -0.001    0.254
  43.171   29.374   42.049   42.964   -0.001    0.500   -0.001    0.520
  -3.842   20.468   48.357   54.234   -0.000    0.311   -0.000    0.622
  26.514   10.960   52.847   24.908   -0.000    0.150   -0.000    0.262
  36.494   40.464   31.817   22.082   -0.001    0.847   -0.000    0.257
  35.566   13.045   49.977   24.428    0.001    0.193    0.001    0.262
  33.519   11.236   52.162   24.460    0.002    0.163    0.002    0.262
  20.092   11.628   48.571   35.715   -0.000    0.164   -0.000    0.401
   5.640   12.629   74.260   20.030    0.004    0.140    0.008    0.166
  25.109   33.109   32.320   58.849   -0.000    0.684   -0.001    0.868
  35.256   28.003   20.709   22.082   -0.000    0.823   -0.000    0.340
  38.119   54.313   20.709   22.082   -0.000    1.615   -0.001    0.409
