# v        v_err    sigma    sigma_err
   4.356    1.350   80.367    2.461
   4.276    1.496   79.175    2.667
   3.565    1.664   82.996    2.971
   4.168    1.355   80.648    2.459
   2.865    1.507   78.683    2.752
   2.990    1.823   79.260    3.321
   3.288    1.654   79.815    3.010
   3.018    1.942   82.243    3.541
   3.200    2.181   80.860    3.937
   3.378    1.895   83.930    3.306
  -0.896    2.778   80.101    5.082
   1.310    2.540   79.131    4.717
  -1.448    3.767   77.664    7.005
  -0.788    2.425   81.735    4.387
   0.285    4.008   81.327    7.150
   3.497    1.894   78.275    3.490
   5.009    4.685   87.232    7.749
   4.485    3.453   79.106    6.212
  -3.612    3.718   77.895    6.708
  -4.899    3.378   83.714    5.787
   3.309    4.630   81.783    8.088
  -0.536    4.238   75.160    7.907
  -6.312    4.092   80.175    7.356
   0.495    2.918   83.765    5.196
  -2.226    2.939   84.061    5.146
   2.738    2.483   82.564    4.512
 -10.723    4.451   72.100    8.486
  -7.839    5.126   70.086   10.001
  -7.514    5.603   77.020   10.157
 -13.223    5.862   72.244   11.231
   3.017    6.241   74.612   11.320
  -4.706    5.488   67.538   11.087
  -4.940    3.795   83.377    6.693
  -1.452    3.198   86.654    5.462
 -14.680    7.178   68.262   14.425
   3.309    1.776   83.261    3.168
  -9.374    5.193   73.969    9.951
  -0.495    2.987   84.875    5.248
 -16.438    6.554   61.068   14.207
 -14.476    8.893   60.363   18.841
 -19.101    6.855   65.342   14.412
   0.205    7.745   61.667   16.339
 -10.489    8.471   60.994   18.382
 -14.926    7.313   66.512   14.944
 -19.791    7.474   65.069   15.730
 -10.894    6.861   76.678   13.119
 -20.697    8.968   57.422   20.459
 -14.363    8.042   66.838   16.723
 -24.409   10.646   58.175   24.587
 -19.031    8.777   58.214   20.812
  -6.081    5.348   81.475    9.622
 -16.078    8.317   57.119   18.944
 -15.005   10.130   60.539   22.609
 -25.575   11.915   59.822   27.171
  -5.035    9.580   62.746   19.557
 -13.478    9.615   58.008   21.524
   8.591   11.791   73.172   21.679
   9.039    7.064   82.540   12.124
   3.110   11.019   65.641   22.572
   9.657    6.976   83.921   11.700
 -20.946   10.572   49.801   28.187
 -25.829   12.628   48.879   34.959
 -18.262   13.261   52.060   33.382
 -25.288   12.308   60.294   27.666
  -9.263   14.491   61.333   31.109
   0.282   13.743   64.911   27.419
 -13.797   15.277   58.065   34.290
 -17.965   14.164   57.871   32.978
 -26.269   12.925   51.751   34.231
  12.645   13.084   70.423   24.383
  -0.524   26.802   67.693   50.661
 -10.499   16.833   60.634   36.389
 -19.758   12.947   37.034   51.525
   6.575   14.628   72.040   26.948
 -17.067   19.481   44.372   60.410
  15.424   10.189   73.324   18.724
   9.285    9.394   80.832   16.514
   4.967    2.661   78.420    4.867
   4.851   18.881   71.269   34.762
  17.148    9.239   77.434   16.608
 -15.017   22.574   52.452   58.110
 -22.925   12.627   33.671   55.043
  -5.260   28.506   69.074   54.509
 -26.038   16.130   54.605   41.026
   4.372   27.615   70.040   51.537
 -12.176   33.443   68.055   65.277
 -20.458   14.877   53.904   37.919
 -24.442   14.121   42.206   46.951
   9.078   25.493   75.305   44.544
  16.616   18.695   73.708   33.259
 -13.536   24.680   43.993   82.929
 -16.686   17.266   25.705  118.957
   4.027   46.468   75.952   81.091
 -12.306  123.316   78.928  206.414
   4.632   35.567   76.205   60.816
 -13.722   56.790   61.995  122.980
  23.668   18.568   64.246   37.472
 -22.692   22.812   27.865  127.708
   8.853   36.348   74.340   63.992
 -28.151   27.497   52.908   71.049
 -25.161   23.171   56.449   55.465
 -17.867   12.637   57.756   29.541
 -18.780   16.681   51.693   44.757
 -17.733   10.833   61.088   23.591
  15.272   10.062   83.257   17.331
 -17.166   26.769   31.551  138.219
   8.819  103.733   78.740  178.122
 -29.193   35.073   46.013  108.179
 -28.550   31.874   29.911  183.649
 -20.351   18.040   51.326   47.812
 -24.551   25.764   46.003   76.834
 -15.570   13.023   66.809   26.277
 -23.599   20.538   52.919   52.004
 -25.207   19.154   57.988   44.736
 -25.034   37.360   49.316   97.395
  -4.524    4.598   82.492    8.151
 -13.877   10.651   70.495   20.648
 -24.670   17.944   63.717   38.192
 -25.969   37.587   20.747  349.124
   1.293    2.693   83.617    4.765
 -22.731   13.981   66.078   28.068
   4.178    1.583   79.656    2.865
   3.788    1.968   78.431    3.614
   5.127    1.552   82.412    2.776
  10.817    7.493  100.216   11.184
   5.364    1.958   77.966    3.628
  -9.911   10.118   78.542   17.941
   4.433    2.194   82.083    3.920
  -3.937    5.418   87.600    9.305
  25.260   16.625   70.161   31.397
  10.223   36.982   76.746   64.212
   6.400   39.691   71.743   73.975
  18.115   28.035   78.338   47.261
   9.669   58.378   70.006  108.849
   8.357    2.795   78.115    5.110
  25.549   25.014   67.010   49.022
  14.886    9.287   81.656   16.059
  23.698   13.439   74.307   24.486
   4.672    3.219   83.258    5.634
 -18.466   13.404   69.537   25.689
  13.295    7.127   85.774   11.920
   6.077    1.687   78.442    3.120
   6.883    1.733   77.228    3.219
   6.134    2.292   79.710    4.251
   8.879    2.124   76.906    3.924
  30.544   24.766   63.869   50.213
  -7.374   13.388   75.908   23.685
 -28.749   27.368   52.127   70.393
 -25.778   27.301   51.477   69.546
 -30.512   29.580   58.945   66.699
  -3.441    6.840   82.837   12.107
   6.644    3.810   80.535    7.055
 -15.068   13.817   72.265   25.662
 -29.822   19.277   61.714   41.904
   5.811    4.409   79.021    7.893
  11.266    3.997   76.150    7.357
 -26.797   22.587   61.281   48.588
  -7.203   12.914   76.629   22.997
 -14.487   13.953   71.902   26.359
  16.937    9.328   80.954   15.801
  21.678   17.667   73.523   32.264
   8.553    2.507   75.744    4.624
   7.137    2.644   79.691    4.707
  11.034    2.937   75.658    5.397
  -0.309    6.253   79.380   11.241
  15.661    8.941   78.568   15.831
   8.204    3.956   78.005    7.038
  12.300    3.059   74.436    5.718
 -22.850   23.854   68.682   45.753
  29.790   21.399   66.420   42.468
 -32.690   37.564   47.260  109.256
   3.583    4.694   79.642    8.292
 -14.100   15.756   75.874   29.008
 -35.256   33.387   51.500   85.745
  -7.980   12.108   70.528   23.694
 -20.582   44.271   38.303  165.878
  16.615    5.545   77.110    9.716
 -19.265   17.405   68.593   33.583
 -31.464   28.736   54.391   69.541
   1.531    8.067   73.458   15.463
 -27.464   27.134   54.380   66.133
  11.332    3.924   69.357    7.483
   8.864    3.651   71.191    6.931
  19.538    9.824   75.135   17.134
  24.214   17.674   69.253   33.346
  14.668    5.194   66.920   10.395
 -12.251   18.758   76.783   33.493
   6.835    5.000   72.286    9.419
 -19.653   25.735   71.055   49.168
  18.855    7.309   72.238   13.637
  -4.217   17.073   77.451   31.070
  16.920    4.764   69.114    9.219
   6.790    5.999   70.015   11.644
  29.502   23.006   66.369   46.289
  19.599   45.935   61.926   94.834
  26.851   34.907   58.489   76.773
  12.852   51.463   60.277  105.002
  31.196   32.370   62.614   68.522
   9.483   63.489   55.900  150.795
  18.818    6.301   69.493   12.081
  25.070   12.134   67.590   23.736
  20.321    9.095   69.735   16.960
  29.149   23.285   66.048   47.118
  33.888   38.416   63.546   80.444
   2.260   10.316   68.104   20.604
 -25.590   28.932   52.324   73.209
  14.371    4.712   62.249   10.102
  10.488    6.659   61.559   14.847
  21.900    8.914   70.156   16.809
  17.509    4.914   62.941   10.508
   9.628   10.171   61.772   22.489
 -10.106   20.487   76.912   36.277
 -17.395   32.652   74.116   59.369
 -31.414   59.196   44.862  175.393
   0.471   15.729   71.878   30.070
  20.500    6.244   64.117   12.858
 -23.302   26.564   56.791   61.867
   9.327    9.878   59.850   22.063
 -27.519   51.497   44.005  161.694
  23.895    9.173   65.055   18.140
  10.346   11.404   60.995   25.265
  26.103   15.242   63.646   31.427
 -16.141   27.616   74.665   50.006
  35.036   29.836   64.512   62.386
  24.206   10.659   67.937   20.321
  30.616   21.201   63.083   44.185
  -4.023   24.116   75.337   44.306
 -21.945   35.082   57.304   82.803
  12.585    8.698   59.794   19.910
  16.927    8.086   61.263   18.382
  11.480    9.531   59.382   21.493
  21.539    8.834   61.305   19.684
  10.447   15.536   62.987   34.031
  26.717   13.274   66.512   25.795
  12.554   10.865   55.753   26.162
  23.819    7.590   61.988   16.349
 -24.810   42.625   43.458  143.725
 -16.716   44.423   74.553   80.534
   0.958   40.612   77.375   72.820
  14.903   16.261   58.645   36.281
  27.568   11.220   60.679   23.620
  16.170   26.570   61.620   56.848
  29.237   20.693   63.414   40.849
  13.623   10.542   56.706   25.314
  36.039   31.748   64.658   66.342
  27.784   15.276   68.034   28.923
  20.203   10.499   56.051   25.994
  11.966   12.930   54.518   31.100
  29.900   20.430   59.551   45.245
 -11.398   53.124   73.164   99.622
  24.329   11.324   57.444   27.381
  12.638   13.237   51.286   34.097
  28.206   14.915   68.496   28.337
   7.299   40.045   73.192   73.628
  27.722   10.193   57.092   23.461
  16.327   17.924   50.952   46.162
  34.016   35.679   60.935   77.058
  38.950   64.774   51.619  174.808
  24.598   57.312   50.535  142.957
  27.885   19.537   68.963   37.696
  29.398   21.786   61.477   47.097
  30.979   14.517   59.792   30.846
  35.472   51.241   54.706  122.625
  28.726   22.297   74.807   38.872
  35.439   65.866   59.828  142.134
  36.981   69.059   54.495  161.770
  16.481   17.209   53.176   44.546
  23.724   12.342   49.919   35.095
  16.431   27.288   56.400   62.341
  34.815   18.552   65.981   36.652
  11.248   23.339   47.060   67.040
  27.832   11.799   52.097   31.828
   9.398   21.325   43.820   67.267
  32.756   14.637   54.238   35.218
  27.905   27.474   67.371   55.231
  27.305   37.471   77.485   65.680
  33.763   44.190   58.944   93.201
  35.054   25.976   66.493   50.248
  34.485   22.839   54.070   55.382
  10.282   29.330   41.780   98.233
   6.130   46.904   66.305   93.850
  28.874   43.461   73.383   81.979
  39.862   30.070   59.408   65.545
  36.326   40.177   64.068   78.754
  28.954   24.340   46.388   78.114
  34.212   20.037   50.766   55.588
  11.418   23.898   44.269   76.000
   8.356   41.430   47.416  110.855
   6.811   28.888   41.228   99.408
  41.669   24.423   50.737   64.428
  44.163   39.420   48.440  102.906
  16.183   19.916   41.483   69.846
